Time		Tb_f1		Tb_f2		Q		W
44506.413086 43.3072868247 36.1066367527 2.28452761631 0.0097141613571
44517.5253905 43.4109326269 36.0268081593 2.30314751553 0.00802180874956
44528.649414 43.6307873589 36.278120398 2.3115006857 0.00896496499599
44539.7734375 43.6150834495 36.2446120995 2.31205701479 0.00872976589505
44550.888672 43.6936029966 36.2455976377 2.32162301544 0.00810924828968
44562.0185545 43.7585124889 36.386529599 2.31914448206 0.00910774078122
44573.1396485 43.7564186343 36.3096576201 2.32458770931 0.00829515657685
44584.263672 43.7920141624 36.4377775849 2.31945802287 0.00939140741676
44595.390625 43.7250108155 36.3579489915 2.31714984835 0.00906872591371
44606.511719 43.9050823102 36.3431659186 2.34036707112 0.00746078024554
44617.638672 43.8632052184 36.2357422558 2.34318506909 0.00663894905385
44628.759766 43.9218331469 36.3796308317 2.33972153724 0.00771945000371
44639.87793 44.039089004 36.4762135744 2.34697182638 0.00781804673364
44651.004883 43.7899203078 36.4141246683 2.3209553678 0.00915295751211
44662.123047 43.9616163842 36.5550566297 2.3315963246 0.00929300394059
44673.2441405 44.1804241888 36.4111680538 2.3691818161 0.00597763203671
44684.368164 44.1071392782 36.4456618905 2.35760749174 0.0069402584463
44695.4921875 44.1552979337 36.4663581925 2.36199628663 0.00677575988203
44706.6191405 44.2756945727 36.5294326367 2.37213205604 0.00648662011075
44717.7402345 44.2432398265 36.5304181749 2.36806428783 0.00675882263192
44728.861328 44.4337805942 36.5629409352 2.38911098679 0.00557388224494
44739.991211 44.411795121 36.7078150493 2.37564699467 0.00731622774168
44751.109375 44.3238532282 36.5806806226 2.37425704508 0.00665185957965
44762.2333985 44.4829861771 36.608275692 2.39180748153 0.00566661451449
44773.357422 44.475657686 36.695988591 2.38439199223 0.00667333710572
44784.472656 44.4568129947 36.6979596674 2.38192406242 0.00684664634063
44795.5996095 44.4526252855 36.6871187473 2.3822132546 0.00676328529175
44806.720703 44.3919035024 36.7610341116 2.36924431261 0.00805178857566
44817.838867 44.5845381247 36.6989452056 2.39758956338 0.00582675628025
44828.9628905 44.521722487 36.6900753618 2.39050682582 0.00623780834937
44840.0810545 44.6159459436 36.8024267156 2.39377446546 0.00669168101731
44851.2021485 44.6839962178 36.933503295 2.39242337309 0.00755968441876
44862.326172 44.5793034882 36.7866581046 2.39042926285 0.00681696868388
44873.441406 44.6693392356 36.7718750317 2.40262697983 0.00593040071342
44884.5683595 44.7164509639 36.7955279483 2.40667940884 0.00580567369166
44895.689453 44.7290140914 36.7965134865 2.40815562063 0.00571487356541
44906.819336 44.7143571093 36.7541353443 2.40949613505 0.00537516704769
44917.93457 44.8085805659 36.7699039553 2.41994748605 0.00478456952388
44929.064453 44.7174978912 36.7984845629 2.40658886462 0.00582918062487
44940.185547 44.7436710736 36.7334390423 2.41464885159 0.00491475671394
44951.3183595 44.7604219103 36.7945424101 2.41217601016 0.00543990737135
44962.430664 44.7122632547 36.7028873583 2.41304425321 0.00483824094567
44973.557617 44.6326967803 36.7501931915 2.39971981474 0.00599186854325
44984.675781 44.6798085086 36.7442799624 2.40596772809 0.00554761795298
44995.796875 44.6661984537 36.7708894935 2.40231292692 0.00594510550657
45006.923828 44.6651515264 36.8063688684 2.39954800945 0.00633707881983
45018.0390625 44.7195917458 36.6841621327 2.41533863685 0.00457672857003
45029.1660155 44.6745738721 36.78370149 2.40239386348 0.00601597211547
45040.2871095 44.6881839269 36.7196415076 2.40883050877 0.00521372309903
45051.402344 44.6651515264 36.8802842327 2.39405543036 0.00713626496705
45062.529297 44.7604219103 36.7531498061 2.41525095394 0.00499249415602
45073.644531 44.8755839128 36.8526891634 2.42206456493 0.00513816847433
45084.768555 44.7164509639 36.8822553091 2.40023490315 0.00674336791273
45095.892578 44.713310182 36.8270651704 2.40394888015 0.00617197633759
45107.0078125 44.823237548 36.8497325488 2.41582474306 0.0055291577936
45118.1347655 44.851504585 36.8270651704 2.42099706326 0.00505569390194
45129.2558595 44.841035312 36.8162242503 2.42051067915 0.00502308105148
45140.3740235 44.7520464919 36.8733854654 2.40528438504 0.00635998471553
45151.498047 44.851504585 36.7974990247 2.42319380744 0.00473606126836
45162.616211 44.9300241321 36.8221374795 2.43105425298 0.00436786782198
45173.746094 44.9090855862 36.9285756041 2.42055926737 0.00568808617972
45184.864258 44.8378945301 36.892110691 2.41448381848 0.0058689926908
45195.9941405 44.986558206 36.9473008297 2.42873147248 0.00526438101844
45207.1123045 45.1153302633 36.9601128262 2.44368341375 0.00436157933097
45218.2421875 45.1184710452 36.9473008297 2.4450239286 0.00419758214157
45229.3632815 45.1833805375 37.0921749438 2.44227083143 0.00523999418141
45240.490234 45.1080017723 37.0064331212 2.43933399582 0.0049219801458
45251.605469 44.9917928425 37.0527534162 2.42153656129 0.00636298522603
45262.729492 45.2263045566 37.0537389544 2.45043478104 0.00447665080543
45273.853516 45.1687235554 37.1059724785 2.43943319388 0.00550793374675
45284.9746095 45.3194810859 37.1621481554 2.45388925003 0.0048958410293
45296.095703 45.3550766139 37.0773918709 2.46459660392 0.00369014721468
45307.228516 45.2828386305 37.1739746137 2.44847863251 0.0053205411192
45318.34668 45.3152933767 37.1542638498 2.45395808409 0.00484438705991
45329.4794925 45.2817917032 37.26858628 2.4413074786 0.00635360674346
45340.591797 45.4032352695 37.1621481554 2.46424763351 0.00421759388384
45351.7216795 45.4032352695 37.185801072 2.46248755531 0.00447369035287
45362.839844 45.4650039799 37.2705573564 2.46382090373 0.00489121294003
45373.955078 45.6932341302 37.2784416619 2.4914874565 0.00312662986103
45385.084961 45.5937760372 37.2853404293 2.47865809461 0.0040077718942
45396.197266 45.7246419491 37.3917785539 2.48693831387 0.00409986419504
45407.3242185 45.6262307833 37.3257474951 2.47966786519 0.00418240634446
45418.4482425 45.7089380396 37.3365884152 2.4891032432 0.00362919490261
45429.560547 45.6293715652 37.2981524257 2.48211137865 0.00385798910422
45440.6933595 45.7853637322 37.4036050122 2.4935802172 0.00373545658182
45451.8115235 45.7686128955 37.273513971 2.50119192899 0.00246184318536
45462.941406 45.7905983687 37.3553136408 2.4978254382 0.00316966942891
45474.05957 45.8701648431 37.444012078 2.50107953507 0.00348528818461
45485.189453 45.745580495 37.4085327031 2.48828423459 0.00411159990316
45496.292969 46.0094061733 37.4804769911 2.51562724642 0.00275013999973
45507.396484 45.8837748979 37.4420410016 2.50291341515 0.00335345838654
45518.526367 46.1025827026 37.4430265398 2.52997622948 0.0015873124517
45529.638672 46.0607056108 37.4509108454 2.52419330775 0.00201297124129
45540.765625 46.1224743212 37.5839585012 2.52194226846 0.00295379597471
45551.886719 46.0533771197 37.6509750981 2.50837313059 0.00424210035085
45563.0224605 46.2449648147 37.4932889876 2.54390343184 0.00097506403783
45574.134766 46.146553649 37.6233800288 2.5219916103 0.00318574154385
45585.2558595 46.0889726477 37.5376382062 2.52123784427 0.00272363816219
45596.3828125 46.2355424691 37.6490040218 2.53112698018 0.00274046066069
45607.5039065 46.2166977777 37.598741574 2.53253478123 0.00234840503836
45618.6308595 46.3119681616 37.6154957233 2.5431151349 0.00175557512715
45629.7578125 46.4082854727 37.645061869 2.55287517428 0.00129290854098
45640.873047 46.2659033606 37.7692396811 2.5259292318 0.00379840723268
45652.0 46.419801673 37.6982809313 2.55033752463 0.00177664841615
45663.1240235 46.6092955134 37.7909215213 2.56698183648 0.00123980473201
45674.236328 46.5056497112 37.6726569384 2.56291711385 0.000800043427869
45685.3603515 46.6281402047 37.8382273545 2.5657956549 0.00159993718683
45696.484375 46.6459379687 37.887504264 2.56433163368 0.00199009151093
45707.602539 46.657454169 37.8717356529 2.56694088211 0.00172506246904
45718.732422 46.756912262 37.8914464168 2.57784313799 0.00112893013512
45729.8535155 46.7778508079 37.8746922675 2.58169921472 0.000776373421038
45740.9746095 46.7883200809 37.799791365 2.58859133866 -0.000122186546846
45752.095703 46.7862262263 37.9722605484 2.57545816363 0.00176787522784
45763.225586 46.8281033181 37.9673328575 2.58103821887 0.00137306125121
45774.34082 46.6721111511 37.8766633439 2.56839621794 0.00165920057461
45785.470703 46.7328329342 37.9456510173 2.57080075226 0.0019138507258
45796.5917965 46.9474530297 37.9249547153 2.59906186297 -6.02737477378e-05
45807.71875 46.930702193 37.9269257917 2.59682865753 9.77271392192e-05
45818.833984 46.9223267746 37.9614196283 2.59321053058 0.000540711209713
45829.958008 46.9139513563 37.9900002359 2.59003361174 0.000919501302438
45841.082031 46.9317491203 37.9456510173 2.59556113912 0.000292587934481
45852.197266 46.9610630845 38.04223376 2.59199992551 0.00110290393061
45863.3242185 46.9987524672 37.9052439514 2.60692272918 -0.000692731477478
45874.439453 46.8961535923 37.9407233263 2.59149661802 0.000529285693911
45885.5664065 46.9505938116 38.0274506871 2.59180009904 0.00102763596329
45896.6875 46.9987524672 37.9555063992 2.60317058406 -0.000146783507522
45907.802734 47.0270195041 37.9693039339 2.60566182301 -0.000227468292377
45918.9296875 47.0134094493 37.9535353228 2.6051435877 -0.000287748303333
45930.050781 47.1767301073 38.1535995756 2.61055389698 0.00055378999596
45941.166016 47.0322541406 38.1131925098 2.59556749796 0.00129347381149
45952.298828 47.1788239619 38.0442048364 2.61898719465 -0.000652390140979
45963.4199215 47.1181021788 37.9929568505 2.61524537733 -0.000713649706823
45974.541016 47.1903401622 38.0826408258 2.61755201139 -0.000328673489888
45985.6679685 47.2049971443 38.1309321972 2.6157717017 7.66030338333e-05
45996.762695 47.2562965818 38.0570168329 2.62769017257 -0.00114566745391
46007.8808595 47.2751412731 38.1378309645 2.62400324437 -0.000421134211925
46019.0078125 47.1955747986 38.1664115721 2.61194591573 0.000539255816287
46030.128906 47.2594373636 38.1683826485 2.61976185981 3.92696564184e-05
46041.258789 47.2374518904 38.0954528223 2.62246910433 -0.000574045821962
46052.376953 47.2699066366 38.0806697495 2.62762077049 -0.000999739218354
46063.506836 47.2761882004 38.1831657213 2.62074622831 6.3220090533e-05
46074.625 47.3568016021 38.1614838811 2.63242235715 -0.000830969275241
46085.754883 47.2845636187 38.3083290716 2.61243475939 0.00135615694042
46096.873047 47.3861155663 38.2965026133 2.62598788059 0.000397962491894
46108.0 47.4175233852 38.3447939847 2.62629626759 0.000666737017336
46119.115234 47.4970898596 38.3911142796 2.63276345672 0.000520506000629
46130.248047 47.5326853877 38.3329675264 2.6415562758 -0.000403232074189
46141.366211 47.6468004628 38.2965026133 2.65853500054 -0.0017331606955
46152.493164 47.5106999145 38.42363704 2.63202983739 0.00076322410954
46163.611328 47.6070172256 38.3477505992 2.64973347517 -0.000850192737912
46174.7441405 47.6248149896 38.3181844535 2.65416745634 -0.00131744923412
46185.8623045 47.6530820266 38.3999841234 2.65158103343 -0.00065854048565
46196.9863285 47.5860786797 38.3861865887 2.64424372303 -0.000260694835147
46208.107422 47.5578116427 38.2886183078 2.64800980365 -0.00109116361135
46219.2285155 47.7263669372 38.3891432033 2.66154870735 -0.0013760952286
46230.355469 47.6520350993 38.4058973525 2.65100792967 -0.000585618664657
46241.470703 47.6206272804 38.4118105817 2.64664218969 -0.000264361387048
46252.5947265 47.7274138645 38.3408518319 2.66529118885 -0.00191016724294
46263.7128905 47.6321434807 38.3034013806 2.65618824067 -0.00153822195243
46274.8310545 47.679255209 38.4522176475 2.65094348676 -0.000304099025663
46285.958008 47.7221792281 38.3950564324 2.66058308859 -0.00127747390351
46297.076172 47.679255209 38.4216659636 2.65322910491 -0.00063666307736
46308.2060545 47.6520350993 38.4098395053 2.65071304758 -0.000542712467443
46319.324219 47.6415658263 38.3911142796 2.65080582812 -0.000660873983311
46330.4541015 47.4646351135 38.5507714666 2.61676612054 0.00252395106552
46341.572266 47.4824328775 38.4679862586 2.62518298412 0.00147706188595
46352.6992185 47.4761513137 38.4334924219 2.62697953258 0.00115290829752
46363.814453 47.6520350993 38.4147671962 2.65034443803 -0.000489078711722
46374.9501955 47.6206272804 38.3940708942 2.64796913135 -0.000457435237937
46386.0625 47.6583166631 38.444333342 2.64891736718 -0.000218636444965
46397.177734 47.668785936 38.2935459987 2.66150270707 -0.0019451703866
46408.301758 47.5483892971 38.3290253736 2.64381193979 -0.000574518827377
46419.425781 47.4426496403 38.2482112419 2.63665334295 -0.000589299536143
46430.555664 47.6551758812 38.2965026133 2.65958131226 -0.00180167118618
46441.6708985 47.6394719718 38.3300109118 2.65511401752 -0.00130865975817
46452.783203 47.4677758954 38.3852010505 2.62954637568 0.000695760454043
46463.9101565 47.4918552231 38.3063579952 2.63844833837 -0.000358956385877
46475.0341795 47.5609524246 38.2353992455 2.65238045803 -0.00169572008041
46486.146484 47.6447066082 38.3063579952 2.6575365562 -0.00160881639473
46497.270508 47.5190753328 38.2501823183 2.6460464281 -0.00119254979001
46508.394531 47.5274507512 38.3477505992 2.6397971888 -0.000199583703328
46519.5332035 47.5190753328 38.3250832208 2.64044652506 -0.000377747698143
46530.654297 47.5651401338 38.3112856862 2.64723016862 -0.000904488879556
46541.7753905 47.4206641671 38.3585915193 2.62565639171 0.000791207772023
46552.896484 47.459400477 38.1792235686 2.64390030936 -0.00147644007673
46564.0234375 47.4824328775 38.4127961199 2.62931190315 0.000876292223036
46575.1503905 47.4164764579 38.356620443 2.62528118186 0.000803979370642
46586.2773435 47.4353211492 38.3290253736 2.6296966506 0.000349723321501
46597.392578 47.4279926582 38.3487361374 2.62730803473 0.000624080205403
46608.5136715 47.4604474043 38.356620443 2.63076916781 0.000444636542799
46619.640625 47.477198241 38.3447939847 2.63374454098 0.000179038316601
46630.7558595 47.5431546606 38.2856616932 2.6464006188 -0.00100348661436
46641.885742 47.505465278 38.3920998178 2.63373536172 0.00046276658315
46653.003906 47.5965479527 38.3970275088 2.6447403983 -0.000228326484563
46664.133789 47.4248518763 38.3684469013 2.62544195429 0.00086423232974
46675.251953 47.4813859502 38.3812588977 2.63154015999 0.000541615854157
46686.381836 47.4562596951 38.2275149399 2.63989910276 -0.00092562526512
46697.4941405 47.367270875 38.3359241409 2.62068885276 0.00098081978957
46708.6210935 47.55885857 38.2915749223 2.64791948801 -0.00106756034393
46719.7451175 47.3840217118 38.3684469013 2.6203467322 0.00119785773065
46730.857422 47.5106999145 38.3112856862 2.64043253656 -0.000459392928654
46741.984375 47.533732315 38.4019551997 2.63652744471 0.000338938317761
46753.105469 47.5703747703 38.3388807555 2.64582042332 -0.000647054279622
46764.223633 47.6363311899 38.3083290716 2.65634291467 -0.00151886511874
46775.350586 47.6593635904 38.5143065535 2.64381241629 0.00053461540205
46786.46582 47.650988172 38.3714035158 2.65345714833 -0.000952453450343
46797.595703 47.7117099551 38.5093788626 2.65072162768 5.27030790261e-05
46808.716797 47.7588216834 38.4561598003 2.66059149607 -0.000912229708489
46819.84668 47.7567278288 38.4384201128 2.66165698612 -0.00108820419201
46830.958984 47.5640932065 38.3743601304 2.64238261778 -0.000209618579323
46842.0859375 47.7661501745 38.4758705641 2.66003269553 -0.000757621993194
46853.207031 47.6363311899 38.4433478038 2.64624457514 -4.95275034742e-05
46864.3427735 47.6980999003 38.3901287415 2.65794273516 -0.00113408404936
46875.455078 47.760915538 38.4729139495 2.65959964955 -0.000746970378097
46886.5703125 47.8362943032 38.3920998178 2.67506831258 -0.00224363601447
46897.694336 47.6520350993 38.4512321093 2.64761648781 -9.21540637e-05
46908.8183595 47.6373781172 38.4384201128 2.6467440102 -0.000111731040737
46919.933594 47.8216373211 38.3950564324 2.67301467868 -0.00209147065448
46931.060547 47.7745255928 38.4679862586 2.66166948352 -0.00091200433547
46942.175781 47.7012406822 38.4610874912 2.65302690922 -0.000387411318607
46953.299805 47.7295077191 38.4463044183 2.65766523849 -0.000779629517456
46964.423828 47.6279557715 38.4216659636 2.64682037155 -0.000217031470024
46975.5478515 47.7221792281 38.4660151822 2.65527470039 -0.000505088064676
46986.671875 47.760915538 38.4788271787 2.65915719876 -0.000682592507906
46997.7958985 47.743117774 38.6443975948 2.64453966151 0.0012662938889
47008.919922 47.6876306273 38.5793520741 2.6424756445 0.00101173941376
47020.052734 47.6750674998 38.4995234807 2.64688066409 0.000245183142615
47031.1621095 47.6593635904 38.5635834631 2.64012433908 0.00107124130546
47042.291992 47.72532001 38.4758705641 2.65492979084 -0.000423493549929
47053.4042965 47.7179915189 38.5359883937 2.64951515863 0.000291063700423
47064.5253905 47.7389300648 38.52711855 2.6527956662 2.31392251756e-05
47075.6582035 47.7734786655 38.5704822304 2.65386806461 0.000212652633525
47086.7734375 47.6468004628 38.4275791927 2.64873207684 -0.000306806938924
47097.8916015 47.6855367727 38.5389450083 2.64523850816 0.00058879874499
47109.021484 47.604923371 38.5596413103 2.63361895338 0.00147358823793
47120.136719 47.8164026846 38.5389450083 2.66159435058 -0.000482150546201
47131.263672 47.6352842626 38.4827693314 2.64316428337 0.000388198200467
47142.384766 47.6300496261 38.5793520741 2.63528200198 0.00148276537219
47153.5146485 47.6844898454 38.3861865887 2.65653703336 -0.00106563729169
47164.6328125 47.4447434949 38.3270542972 2.63102004686 0.00025127491876
47175.759766 47.5672339884 38.3457795229 2.64491229857 -0.000546307194266
47186.875 47.4751043864 38.4482754947 2.62574288206 0.00132238626347
47197.9990235 47.4730105318 38.3714035158 2.63123175725 0.000502822664184
47209.123047 47.477198241 38.4157527344 2.62843728469 0.000951259459832
47220.238281 47.4834798048 38.310300148 2.63710802313 -0.000247607186671
47231.356445 47.4227580217 38.3802733595 2.62429611801 0.00101004308085
47242.4746095 47.5756094068 38.2698930821 2.65163231488 -0.0014403875272
47253.5927735 47.5086060599 38.4689717967 2.62837672546 0.00127384279719
47264.716797 47.541060806 38.3714035158 2.63972763922 -5.34714433767e-05
47275.84375 47.6436596809 38.5044511716 2.64258810015 0.000555761157853
47286.964844 47.5400138787 38.4354634982 2.63480517018 0.00065230078281
47298.0917965 47.7368362102 38.5310607028 2.65223895402 8.3201698815e-05
47309.2128905 47.9200484868 38.4936102515 2.67794759618 -0.00182443032206
47320.328125 47.6844898454 38.5665400777 2.64304225532 0.000897891951287
47331.458008 47.7305546464 38.5261330118 2.65182272504 8.0943107676e-05
47342.576172 47.7200853735 38.6138459108 2.64394876317 0.00112192935765
47353.6972655 47.5996887345 38.4945957897 2.63783316665 0.000808087457993
47364.8212895 47.8174496119 38.5389450083 2.66172523546 -0.000490720637553
47375.939453 47.789182575 38.6601662058 2.64911655124 0.00106109741266
47387.0605465 47.8813121769 38.4906536369 2.67332430336 -0.00153941068874
47398.1816405 47.8991099409 38.6158169872 2.66618178245 -0.000322036926372
47409.3115235 47.8006987752 38.5399305465 2.65955738843 -0.000342871393292
47420.4296875 47.8970160863 38.6739637405 2.66156602949 0.00032861289427
47431.55957 47.8404820124 38.707472039 2.65198711782 0.00115664471529
47442.677734 47.679255209 38.4827693314 2.64865757227 2.85081456861e-05
47453.801758 47.7179915189 38.6296145219 2.642506507 0.00131084278775
47464.9228515 47.8896875953 38.6552385149 2.66205174315 0.000184597124755
47476.041016 47.8027926298 38.6099037581 2.65458127109 0.000402114742351
47487.1708985 47.6384250445 38.5369739319 2.63950024149 0.000952724018565
47498.286133 47.7336954283 38.4965668661 2.65442781969 -0.000266695362408
47509.416016 47.6698328633 38.5330317792 2.64371900608 0.000652876761048
47520.53418 47.7598686107 38.4482754947 2.66131222282 -0.00100662616405
47531.6640625 47.8561859218 38.6542529767 2.65793618801 0.000448170150481
47542.779297 47.7242730827 38.5655545395 2.64808717814 0.00056165661833
47553.90625 47.7598686107 38.6138459108 2.64892069768 0.000796376591964
47565.027344 47.8362943032 38.5172631681 2.66570394605 -0.000881093593397
47576.145508 47.7577747561 38.5428871611 2.65397071526 4.06417294776e-05
47587.272461 47.870842904 38.6020194525 2.66367979621 -0.000240874750726
47598.390625 47.7169445916 38.5389450083 2.64916304801 0.000331827378648
47609.5146485 47.8174496119 38.6690360495 2.65198602212 0.000926363077913
47620.638672 47.842575867 38.6976166571 2.65298704411 0.00103210289836
47631.7509765 47.8540920672 38.614831449 2.66062603368 3.58382131408e-05
47642.8808595 47.8875937407 38.6099037581 2.66518427058 -0.00029214939198
47654.001953 47.7473054831 38.6374988274 2.64557958962 0.00115686421208
47665.128906 47.8446697216 38.6276434455 2.65848866565 0.000252551592654
47676.25 47.924236196 38.656224053 2.66629886514 -8.75906220012e-05
47687.376953 47.8216373211 38.6749492787 2.6520667483 0.000956513815841
47698.4921875 47.8687490494 38.6601662058 2.6590643311 0.000409735806747
47709.616211 47.7766194474 38.6138459108 2.65101440524 0.000659284623987
47720.740234 47.8268719576 38.61975914 2.65685374222 0.000312364231448
47731.8554685 47.7399769921 38.5428871611 2.65174634132 0.000186289481775
47742.982422 47.7514931923 38.5773809978 2.65060373584 0.000467720050159
47754.100586 47.7493993377 38.5448582375 2.65277640309 0.000130648759865
47765.2216795 47.6834429181 38.5488003902 2.64423926065 0.00071325632744
47776.345703 47.732648501 38.6483397475 2.64293608901 0.00139491453526
47787.4726565 47.9032976501 38.6670649731 2.66286824706 0.000202003814706
47798.59375 47.7556809015 38.6434120566 2.64618360587 0.00115274617079
47809.723633 47.6939121911 38.6069471435 2.64119471758 0.00126092718816
47820.841797 47.7776663747 38.5724533068 2.65424396499 0.000199846531809
47831.9628905 47.8090741936 38.61975914 2.65462868905 0.000458056458564
47843.083984 47.7535870469 38.6049760671 2.64879964983 0.000751161898505
47854.2109375 47.5316384604 38.6345422128 2.61885980688 0.00288870893998
47865.3378905 47.7221792281 38.6266579073 2.64325119099 0.00124436733703
47876.4589845 47.7473054831 38.6306000601 2.64609612898 0.0010817062419
47887.580078 47.6897244819 38.6493252857 2.6374985196 0.00175686169224
47898.7128905 47.7242730827 38.5931496088 2.64602150057 0.000862218680529
47909.8310545 47.7881356477 38.6591806676 2.64905948208 0.00105892841216
47920.958008 47.633190408 38.5911785324 2.6347890227 0.00158589168181
47932.076172 47.8153557573 38.661151744 2.6523146615 0.000857597071815
47943.208984 47.824778103 38.5832942269 2.65932186456 -6.77036063495e-05
47954.324219 47.7630093926 38.6039905289 2.65005109065 0.000663315550178
47965.4511715 47.7378831375 38.6877612752 2.64063819757 0.00178161567753
47976.572266 47.6939121911 38.6276434455 2.63964520977 0.00148638505676
47987.6933595 47.6897244819 38.6887468134 2.63454642751 0.00218639963119
47998.814453 47.7818540839 38.6414409802 2.64960261942 0.000917065005509
48009.9414065 47.7305546464 38.5773809978 2.64798691611 0.000639064403203
48021.0654295 47.6604105177 38.6374988274 2.63472157038 0.0018678265524
48032.1865235 47.7295077191 38.6749492787 2.6405509837 0.00171054406485
48043.310547 47.6258619169 38.5645690013 2.63586547758 0.00135600679653
48054.428711 47.6300496261 38.5675256159 2.63616727014 0.00135395629395
48065.558594 47.7577747561 38.7321104938 2.6398025704 0.00210214779298
48076.682617 47.5913133162 38.5468293138 2.63287805196 0.00144536059983
48087.8066405 47.743117774 38.5901929942 2.64859789626 0.000675808992705
48098.921875 47.6572697358 38.6089182199 2.63646904012 0.00158216447818
48110.0429685 47.7473054831 38.5497859284 2.65214589181 0.000201448248488
48121.169922 47.5672339884 38.5547136194 2.62928073615 0.00172813035755
48132.2822265 47.5850317524 38.5645690013 2.63076573357 0.00168992828427
48143.4121095 47.5829378978 38.6089182199 2.62718428986 0.00219011217317
48154.5390625 47.6290026988 38.6315855983 2.63124075922 0.00206031251429
48165.660156 47.5986418072 38.656224053 2.62560364103 0.00257705484702
48176.7753905 47.6520350993 38.6374988274 2.63367523448 0.00193633862683
48187.899414 47.6059702983 38.6680505113 2.62563336533 0.00264597865781
48199.0234375 47.6017825891 38.6719926641 2.62481510785 0.00272318075158
48210.138672 47.8697959767 38.6059616053 2.66325375278 -0.000189360707035
48221.2685545 47.6122518621 38.7360526465 2.62132488092 0.00333566216006
48232.3808595 47.6666920814 38.6512963621 2.6344732236 0.00196676338026
48243.5078125 47.6530820266 38.6246868309 2.63476529968 0.00178819742121
48254.631836 47.6384250445 38.5616123867 2.63765612187 0.00122104875699
48265.7441405 47.7190384462 38.6650938968 2.63998069676 0.00168882496792
48276.8710935 47.6541289539 38.6522819003 2.63282989382 0.00208027105431
48287.9921875 47.6593635904 38.6956455807 2.63023648601 0.0025099525316
48299.1103515 47.7808071566 38.6473542093 2.64902898766 0.000990057697517
48310.240234 47.6677390087 38.7143708063 2.62988039775 0.0026454999396
48321.3613285 47.6698328633 38.7932138616 2.62423568572 0.00348775623747
48332.482422 47.6499412447 38.5970917616 2.63643888609 0.00151328660047
48343.609375 47.7221792281 38.6315855983 2.64288224203 0.00129805047798
48354.736328 47.5808440432 38.61975914 2.62611115497 0.00232533006721
48365.845703 47.650988172 38.6917034279 2.62948539505 0.00253550599978
48376.975586 47.5682809157 38.6315855983 2.62365675237 0.0025568987829
48388.09375 47.7567278288 38.5655545395 2.65214323935 0.000296073485018
48399.2148435 47.6101580075 38.5872363797 2.63220714705 0.00173133191129
48410.341797 47.4614943316 38.5419016229 2.61703795372 0.00245302550334
48421.457031 47.7054283913 38.6365132892 2.64042008127 0.00148879374318
48432.5839845 47.6562228085 38.6453831329 2.63360804837 0.00198798042584
48443.705078 47.7179915189 38.6493252857 2.6410306463 0.00152558478889
48454.8203125 47.8038395571 38.6217302164 2.65382672062 0.000522377425366
48465.947266 47.6174864986 38.7705464832 2.61939471604 0.00366883019615
48477.0742185 47.824778103 38.7340815701 2.64803060826 0.00157520684986
48488.1953125 47.7012406822 38.6877612752 2.63605919718 0.00208143986826
48499.319336 47.8572328491 38.6345422128 2.65954298749 0.000224852056812
48510.4433595 47.6436596809 38.7547778722 2.62384545202 0.00328287068232
48521.558594 47.6132987894 38.5675256159 2.63407491756 0.00149095954022
48532.6855465 47.4070541122 38.594135147 2.60633358555 0.00346681160019
48543.8066405 47.569327843 38.5054367098 2.63323015692 0.00117440329022
48554.9277345 47.4478842768 38.4640441058 2.62116544208 0.00171651915243
48566.048828 47.6070172256 38.6749492787 2.62524750708 0.00271258645464
48577.169922 47.6572697358 38.6365132892 2.63440298215 0.00188278188957
48588.293945 47.6991468276 38.7478791048 2.6312946889 0.00275375233382
48599.4121095 47.5379200241 38.6926889661 2.61528990257 0.00347090630209
48610.5390625 47.5682809157 38.7212695737 2.61694053195 0.00353412828443
48621.660156 47.4028664031 38.5616123867 2.60824553075 0.0031467980332
48632.790039 47.441602713 38.5724533068 2.6122683652 0.00294832855277
48643.908203 47.3023613827 38.5241619354 2.5985092975 0.00355999959749
48655.0322265 47.4258988036 38.5054367098 2.61532419598 0.00234685137832
48666.15332 47.4321803673 38.5842797651 2.61020708968 0.00315414182682
48677.2832035 47.4332272946 38.5044511716 2.61631257529 0.00227623228933
48688.3984375 47.5127937691 38.5547136194 2.62248304127 0.002173230422
48699.513672 47.5033714234 38.6384843656 2.61503541675 0.00316274349027
48710.634766 47.7064753186 38.5468293138 2.64726470534 0.000503350042981
48721.761719 47.5829378978 38.6690360495 2.62268292413 0.00284507390913
48732.8828125 47.697052973 38.7094431154 2.63391207547 0.00235197793842
48744.009766 47.6488943174 38.614831449 2.6349800124 0.00171509065346
48755.133789 47.7420708467 38.6917034279 2.64086632393 0.00179030453556
48766.2578125 47.7368362102 38.728168341 2.63748096389 0.00223053195619
48777.3876955 47.7546339742 38.7114141917 2.64096021663 0.00190229323694
48788.5058595 47.7378831375 38.7123997299 2.63879289669 0.00205011229356
48799.6269535 47.7221792281 38.8030692435 2.63003800631 0.00316692393224
48810.7509765 47.842575867 38.8602304586 2.64080397734 0.00280477435812
48821.8691405 47.8111680481 38.7794163269 2.64293292582 0.00218077128619
48832.993164 47.9556440149 38.8326353893 2.65701270257 0.00157796490576
48844.111328 47.9158607777 38.8040547817 2.65417808916 0.00159218685247
48855.2265625 47.8394350851 38.8099680109 2.64417785513 0.00228243992557
48866.3564455 48.0509143987 38.7192984973 2.67742416471 -0.000438038950813
48877.4746095 47.9849579791 38.7291538792 2.66843289017 0.000209766512075
48888.5957035 47.85304514 38.7429514139 2.65090042646 0.00144046646566
48899.7197265 47.8101211209 38.8957098335 2.63408713442 0.00345738577864
48910.84375 47.8802652496 38.8040547817 2.6497264072 0.00188367447587
48921.970703 47.9200484868 38.8493895385 2.65130468125 0.00205219087555
48933.0947265 47.9210954141 38.8651581496 2.65025384438 0.00221556951623
48944.2128905 47.9210954141 38.7991270908 2.65520202675 0.00149559466687
48955.333984 48.0383512712 38.877970146 2.66396324863 0.00139474823428
48966.4609375 47.9326116144 38.9075362918 2.6485178468 0.00258343258569
48977.576172 48.0352104893 38.9341458229 2.65935924147 0.00203319192592
48988.708984 48.1022138362 39.0366417948 2.66005943741 0.0026023964548
48999.824219 48.044632835 39.1085860828 2.64745578078 0.00385953921041
49010.9541015 48.215281984 39.1529353014 2.66549194049 0.0029448588744
49022.072266 48.1817803106 39.2258651275 2.65582308116 0.00401597052064
49033.205078 48.2278451116 39.1440654576 2.66773094877 0.00274499028805
49044.323242 48.2864730401 39.3658115506 2.65842784179 0.00468630866432
49055.4501955 48.1189646729 39.2436048149 2.64662675826 0.00472469248395
49066.5683595 48.2665814215 39.2978094154 2.66104270307 0.00410642706543
49077.692383 48.3095054406 39.2120675928 2.67285699802 0.00281774441523
49088.810547 48.3231154954 39.2160097456 2.67426637057 0.00274914026924
49099.925781 48.2697222034 39.2298072803 2.6665413986 0.00333783585257
49111.055664 48.3440540413 39.1519497632 2.68169772374 0.00187781700416
49122.173828 48.1953903654 39.1499786868 2.66322271349 0.00307568909466
49133.2949215 48.1985311473 39.1815159089 2.66124936182 0.003394292442
49144.4189455 48.161888692 39.1036583918 2.66250315781 0.00284468073178
49155.5371095 48.1932965109 39.1154848501 2.66554868455 0.00271627050485
49166.661133 48.1723579649 39.1115426973 2.66322251497 0.00284491489764
49177.779297 48.1273400913 39.1361811521 2.65573754388 0.00348295266024
49188.9003905 48.2498305848 39.1095716209 2.67307277855 0.0021881042482
49200.024414 48.2016719292 39.1026728536 2.66755875402 0.002507733032
49211.142578 48.1430440007 39.0780343988 2.66206603538 0.00271947067387
49222.2666015 48.3555702416 39.2012266727 2.67944276826 0.00232140591707
49233.390625 48.5042339175 39.3805946235 2.68461131104 0.00306072114633
49244.5058595 48.4518875527 39.2583878878 2.68722473052 0.00215522463047
49255.635742 48.5576272095 39.3037226446 2.69708065426 0.00178226235316
49266.753906 48.5220316815 39.3372309431 2.69010006558 0.00244069962841
49277.8808595 48.5680964825 39.4683075225 2.68603119788 0.00349507700306
49289.004883 48.626724411 39.5471505778 2.6874608268 0.00387563799576
49300.134766 48.7774819415 39.4880182863 2.71082642251 0.0019900607513
49311.267578 48.7617780321 39.4752062898 2.70981760142 0.00197907232156
49322.3945315 48.7701534504 39.4959025918 2.70931384819 0.0021365150746
49333.515625 48.8570484159 39.5875576436 2.71333620234 0.00242444196681
49344.6484375 48.7774819415 39.4722496753 2.71201134158 0.0018176515985
49355.763672 48.8664707616 39.4525389114 2.72466722671 0.000870448751973
49366.881836 48.8758931072 39.6328924004 2.71229457596 0.00276541280166
49378.0058595 48.9900081824 39.4594376788 2.73966951797 -7.03918391636e-05
49389.126953 48.8863623802 39.5333530431 2.72109269579 0.00159049619784
49400.253906 49.009899801 39.6279647095 2.72950214504 0.00160904292152
49411.37207 48.9910551097 39.6634440843 2.72446587938 0.00215231020051
49422.501953 48.9397556722 39.6299357858 2.72053954581 0.00220775717102
49433.620117 48.9355679631 39.5974130255 2.72245868781 0.00188641177595
49444.75 48.8905500894 39.5363096577 2.72139650209 0.00158838698476
49455.8710935 48.8654238343 39.4899893627 2.72172165583 0.00128851501732
49466.998047 48.9167232717 39.6476754733 2.71631193115 0.00259132127125
49478.12207 49.0004774554 39.6949813064 2.72327816139 0.00241988659306
49489.246094 49.0046651645 39.6269791713 2.72891836386 0.00164133764086
49500.370117 48.946037236 39.6693573135 2.71836434276 0.00258741399948
49511.4941405 49.0057120918 39.7501714451 2.71978452762 0.00298086656551
49522.6123045 49.038166838 39.8487252643 2.71644784408 0.00379279714478
49533.736328 49.2098629144 39.7472148306 2.74567593893 0.00126774678349
49544.854492 49.2632562064 39.9679753854 2.73577761001 0.00324553056185
49555.984375 49.275819334 39.9009587884 2.74240405301 0.00240786443731
49567.102539 49.4150606642 40.0418907497 2.74931769153 0.00280443079057
