Time		Tb_f1		Tb_f2		Q		W
44506.23291 19.702813804 50.8958697444 2.20256053497 0.0159737578273
44517.3466798 19.6481465478 51.0175732758 2.22119927042 0.014018363583
44528.4692382 19.655233044 51.2149303537 2.23947322089 0.0128271616559
44539.5917967 19.7817776184 51.2456303436 2.22663728304 0.0152374681039
44550.7099613 19.7240732925 51.2176714242 2.23113552023 0.0142328834435
44561.8398438 19.7534316337 51.4534034895 2.25037299742 0.0132409261911
44572.9580077 19.7382462848 51.4802659807 2.25488327064 0.0127442944021
44584.0864257 19.7655799129 51.5158998975 2.25493146106 0.0130680063739
44595.2075195 19.7544439903 51.6079998672 2.2652826718 0.0122119823206
44606.3344728 19.8212595256 51.5126106129 2.24764966872 0.0142428289712
44617.4584963 19.7635551997 51.6167712929 2.26499703949 0.0123409550529
44628.5839842 19.7949382541 51.5301534643 2.25264710473 0.0135788539138
44639.7021485 19.9194581153 51.6737855599 2.25104817713 0.0151811317096
44650.8247073 20.0055084259 51.7176426883 2.24455048871 0.0166653679146
44661.941406 19.8880750609 51.7823319527 2.26554058412 0.0137934521982
44673.0654298 19.8921244872 51.8936194161 2.27587299175 0.0131204809952
44684.189453 19.8900997741 52.0630175746 2.29263532516 0.0119258212284
44695.3134765 19.9447670302 52.0219015167 2.28178845949 0.0133377759325
44706.4375 19.8961739136 52.1298996955 2.29839716268 0.0115962289435
44717.5629882 19.9832365808 52.168822897 2.29130129392 0.0131342632361
44728.6855467 19.9721006583 52.2137764536 2.29707993663 0.0125974015151
44739.8154295 20.0237308446 52.2039085997 2.2896564721 0.0137341498231
44750.9321287 19.9791871544 52.3535710505 2.3098359915 0.0117915909703
44762.0532225 19.9154086889 52.3464442671 2.31711963452 0.0105192495307
44773.1816405 20.0520768293 52.3387692696 2.29926933253 0.0134025109595
44784.2983395 19.952865883 52.3656317608 2.31430672948 0.0111641964749
44795.4165043 19.8830132779 52.4314174534 2.32946846653 0.00926912944891
44806.5390625 19.9640018055 52.408392461 2.31708846749 0.0111033253111
44817.6586912 19.9518535264 52.5246138513 2.32995997376 0.0100590957751
44828.7827147 20.0520768293 52.6523477379 2.32990115714 0.0112636645367
44839.9023438 20.0024713561 52.6441245263 2.33530544672 0.0102920864669
44851.0234372 20.0682745348 52.7269048562 2.33516322532 0.0110903026901
44862.1503905 20.1118058684 52.7740512693 2.3343247197 0.011670444324
44873.2685545 20.065237465 52.7592494884 2.33870648249 0.010806510244
44884.3881838 20.022718488 52.7773405539 2.34579748069 0.00980201499941
44895.5078125 20.0551138991 52.7899494783 2.34297631129 0.0103870857733
44906.6406247 20.1168676514 52.8524458863 2.34135996946 0.0112398689847
44917.7558595 20.1654607679 52.8683440954 2.33683138608 0.0121384354236
44928.8842772 20.0996575893 52.9818244152 2.35617688788 0.00999906148715
44940.0068357 20.1684978377 52.7948834053 2.32926420325 0.0127032101165
44951.1381832 20.0672621782 52.8217458964 2.34456612989 0.0104216222231
44962.2563475 19.99538486 52.8162637554 2.35302541617 0.00896992146067
44973.378906 19.9882983638 52.9012369417 2.36222637443 0.00824259301297
44984.4985353 19.9822242242 52.8370958914 2.35671024673 0.00855500241182
44995.6181643 19.9437546736 52.7576048461 2.35374784498 0.00830113741463
45006.7421878 20.1411642097 52.861217312 2.33917627013 0.0116835109683
45017.8632815 19.9589400225 52.8343548208 2.35935544238 0.00809144266467
45028.9799803 20.0510644727 52.9297440752 2.35716142792 0.00934810633234
45040.1054688 19.9893107204 52.9302922893 2.36494335231 0.00806500712118
45051.2250975 20.1118058684 52.9143940802 2.34805566971 0.0107116900318
45062.3461912 19.9984219297 52.9297440752 2.36374957698 0.00825749109934
45073.46875 20.0925710931 53.0185547602 2.36066018526 0.00960110567393
45084.588379 20.0358791238 53.0426761809 2.37011821449 0.00826148959376
45095.7167967 20.0419532633 52.959895851 2.36125313275 0.00895325377598
45106.8334965 20.1482507058 52.9089119392 2.34295622391 0.0115045071089
45117.9487303 20.1330653569 52.970311919 2.35086740042 0.010770127061
45129.0742188 20.1391394965 52.970311919 2.35010689605 0.0108960224587
45140.1938475 20.0935834497 52.939063715 2.35275142659 0.0101654596238
45151.3178708 20.1887449696 52.9873065562 2.34555917367 0.0118081111159
45162.4375 20.1867202564 53.1035279466 2.35719401889 0.0109714464237
45173.5659177 20.2089921015 53.032808327 2.34747870298 0.0119167869148
45184.6870115 20.1158552948 53.1276493672 2.36843000545 0.00933759070205
45195.8125 20.1836831867 53.2537386114 2.37229299819 0.00988076652677
45206.9350585 20.2292392334 53.2542868255 2.36664137085 0.0108214915894
45218.0649413 20.1249665041 53.3436457247 2.38845956301 0.00804822419711
45229.181641 20.1796337603 53.2740225333 2.37478841464 0.0096579879254
45240.3085938 20.145213636 53.3595439338 2.38748359278 0.00835901534057
45251.425293 20.1593866284 53.4658974702 2.39614125971 0.00792436239559
45262.544922 20.2859312028 53.516881382 2.38529484633 0.0101987582596
45273.6718747 20.2494863653 53.5393581603 2.39206615419 0.00928896764817
45284.7958985 20.2282268768 53.5152367397 2.39236168138 0.00901345160399
45295.9199217 20.075361031 53.6007581401 2.41989660234 0.00525875646951
45307.0439452 20.3041536215 53.5579974399 2.38704728688 0.0102949131258
45318.1679688 20.3476849551 53.7454866639 2.40000381481 0.00991231069054
45329.2993167 20.2889682726 53.7553545178 2.40833006359 0.00862675835396
45340.4160158 20.2423998692 53.8715759081 2.42558454762 0.00686360578616
45351.5371092 20.2687211407 53.8441652029 2.41959330885 0.00759752776853
45362.661133 20.3871668623 53.9982133665 2.41989784731 0.0089968137245
45373.7778323 20.3557838078 53.917625893 2.41590630814 0.00889907059498
45384.900391 20.3011165517 54.0650954873 2.43725945563 0.00675246169426
45396.0214845 20.3264254666 54.0733186989 2.43489749608 0.00722090332099
45407.1411135 20.3041536215 54.1643222404 2.44664323258 0.00613366654875
45418.2709963 20.330474893 54.1840579482 2.44528795221 0.0065439626665
45429.3862305 20.3932410019 54.110049044 2.43013859501 0.0083546270479
45440.5117188 20.3962780716 54.1358151069 2.43229352556 0.00824059443505
45451.6342775 20.3881792189 54.1835097341 2.43800284157 0.00774478906531
45462.7612305 20.3699568002 54.3035686231 2.4521077001 0.00654133665476
45473.8779298 20.4286734827 54.3320757566 2.44755633022 0.00756353542015
45485.0078125 20.4752418861 54.375932885 2.44603893912 0.0082282661796
45496.112793 20.3790680095 54.4866721343 2.46900693017 0.00547065249399
45507.2177732 20.4489206146 54.5310774769 2.46462904263 0.00661438003052
45518.3461913 20.4317105525 54.6577149352 2.47927521494 0.00538522480458
45529.4658202 20.5147237933 54.787093464 2.481634432 0.00621666357226
45540.5869143 20.5137114367 54.7854488217 2.48159903728 0.00620698461168
45551.7094728 20.4843530954 54.8271130937 2.48939291649 0.00531044256226
45562.8422853 20.4965013746 54.8216309527 2.4873285739 0.00560037468082
45573.9560545 20.4914395916 54.8956398569 2.49527068277 0.00498507529105
45585.0800783 20.5137114367 54.7097952752 2.47413296879 0.00672829779137
45596.2041018 20.4023522112 54.8380773758 2.50075461977 0.00353321408157
45607.3251952 20.538007995 54.823275595 2.48228634417 0.00645061620561
45618.4492188 20.4519576844 54.8918023582 2.49984153599 0.00419213346461
45629.576172 20.6017864605 54.9871916125 2.49047549928 0.00664445558341
45640.6958007 20.4813160256 55.1428844184 2.5209701742 0.00306913530545
45651.8168945 20.6017864605 55.2284058188 2.51431950938 0.00497956371467
45662.9438478 20.6817626315 55.364362917 2.51773715789 0.00570129124229
45674.0620115 20.5866011115 55.3736825568 2.53059748542 0.00366065196647
45685.181641 20.697960337 55.4619450277 2.52536416848 0.00536328109859
45696.3041993 20.6270953753 55.6000949823 2.54793770568 0.00293607532642
45707.4208985 20.6311448017 55.5633646372 2.54379104992 0.00327423628097
45718.5507815 20.7718623684 55.6165414054 2.53140150568 0.00582947792513
45729.67334 20.6797379183 55.6752003147 2.54877537798 0.00350975181568
45740.7944338 20.7252939651 55.6773931711 2.54327617357 0.00444090311171
45751.9169923 20.692898554 55.7875842063 2.55826490535 0.00300521410483
45763.04541 20.6908738408 55.7113824456 2.55096428743 0.00349065702721
45774.1635745 20.6615154996 55.6346324709 2.54704153081 0.00341197483349
45785.2934567 20.7273186783 55.8528216848 2.56041538533 0.00326849033558
45796.4130857 20.7009974068 55.8352788334 2.56197846301 0.00284319052897
45807.5385743 20.6615154996 55.890100244 2.5723702129 0.00164341674806
45818.6538085 20.7414916706 55.8950341709 2.5628240353 0.00327056102891
45829.779297 20.687836771 55.9547895084 2.57548609613 0.00174196202047
45840.9033202 20.6767008485 56.0485341204 2.58618798643 0.000860967042008
45852.0185545 20.788060074 56.0693662564 2.57428083177 0.00303006790244
45863.144043 20.6453177941 55.9904234253 2.58435714517 0.000611924580005
45874.2622067 20.7576893761 55.9953573522 2.57074611918 0.00291199345651
45885.3818357 20.7151703991 56.0030323497 2.57684403722 0.00197544723202
45896.5073243 20.8012207097 56.0901983924 2.57469722434 0.00315912328212
45907.625488 20.8771474543 56.1768162211 2.57376698751 0.00413652368199
45918.748047 20.7161827557 56.0770412539 2.58406404774 0.00148347491726
45929.8720702 20.7617388025 56.1620144402 2.58678527254 0.00184071901539
45940.990234 20.8032454229 56.129669808 2.5783627399 0.00292750951562
45952.1171878 20.7951465701 56.2968751101 2.59599149153 0.00159928152299
45963.2397465 20.8923328033 56.3615643746 2.59021981673 0.00317023829523
45974.3637698 20.7485781668 56.2409572714 2.59627971955 0.00101967061283
45985.4848635 20.8477891131 56.317159032 2.59139872312 0.00255255430421
45996.57959 20.8113442757 56.3944572209 2.60365895802 0.00125853365595
46007.7021482 20.8245049114 56.384589367 2.60102558353 0.00160055149399
46018.826172 20.8589250356 56.4448929186 2.60270084257 0.00189722454596
46029.95166 20.8477891131 56.4213197121 2.60175465166 0.00182945860177
46041.080078 20.777936508 56.5221911074 2.62055744335 -0.000322797830184
46052.1953125 20.8002083531 56.4580500571 2.61138112512 0.000585530620842
46063.3281247 20.9075181522 56.4564054148 2.59774388735 0.00282740838178
46074.4506835 20.7738870816 56.4476339891 2.613649122 0.000110919334834
46085.5747067 20.735417531 56.6027785809 2.63391334997 -0.00176616901554
46096.6943357 20.8933451599 56.7085839032 2.62462058558 0.000780396432501
46107.8183592 20.8508261829 56.8396070744 2.64301052402 -0.00101470541666
46118.9379882 20.857912679 56.7579231727 2.63398347161 -0.00029923074274
46130.066406 20.8407026169 56.7486035329 2.63521608201 -0.000592126570898
46141.1875 20.8720856714 56.7825928075 2.63466109943 -0.000176204799668
46152.314453 20.8488014697 56.9185499056 2.65113186526 -0.00160610552028
46163.4370115 20.8923328033 56.8834642028 2.64216892286 -0.000457072883605
46174.5625 20.8933451599 56.946508825 2.64832560579 -0.00087479056113
46185.6850585 20.9014440126 56.9596659635 2.64862018563 -0.000798009319114
46196.8090823 20.9692719045 56.9750159584 2.64163141677 0.000505405925686
46207.9257815 21.0350750832 56.9925588098 2.63511352042 0.00175181048571
46219.0498045 20.9267529275 56.8807231323 2.63757306561 0.000277587432723
46230.1723632 20.9885066798 56.9739195302 2.63910582081 0.00091303483507
46241.2919923 20.8852463071 56.9180016915 2.64650102585 -0.000844737468425
46252.4101562 20.9915437496 56.962407034 2.63757652595 0.00105633645419
46263.5356448 20.9237158577 57.0577962883 2.65560823217 -0.00101821616127
46274.6567382 20.9652224781 56.9876248829 2.64339723084 0.000333420681031
46285.7807618 21.0057167419 57.0336748677 2.6429021262 0.000854910803577
46296.8945315 20.8943575165 57.0029748778 2.65382813494 -0.001246832346
46308.0273438 20.9318147105 57.0517659332 2.65398960813 -0.000807835074411
46319.1469725 20.777936508 56.8845606311 2.65664055565 -0.00284227672763
46330.2739257 20.9297899973 56.9404784698 2.64314746473 -7.51304807075e-05
46341.3935545 20.9601606951 56.806166014 2.62594810792 0.00149093438502
46352.5175783 20.9196664313 56.936092757 2.64398173854 -0.000255083823259
46363.6372067 20.8488014697 56.9338999005 2.65266191615 -0.00171294028841
46374.7700198 20.8963822297 56.993655238 2.65264460539 -0.00113985587055
46385.885254 20.958135982 57.0024266637 2.64576325337 8.30118065254e-05
46397.000488 20.9844572534 56.8993624119 2.63218249479 0.00134775921636
46408.123047 20.9368764935 56.8801749182 2.63624694138 0.000491887304923
46419.2441408 20.8670238884 56.8714034925 2.64414508325 -0.000899254663241
46430.3740235 20.8781598109 56.9848838123 2.65405831804 -0.00145759632326
46441.4863283 20.9044810824 56.8428963591 2.63660080247 7.77430587949e-05
46452.6059567 20.9368764935 56.9284177595 2.64105518727 0.000156154789292
46463.7270505 20.9135922918 56.8708552784 2.63824255223 7.26328693062e-05
46474.8540037 20.9996426024 56.9037481247 2.63071191204 0.0016330413248
46485.9721677 20.8872710203 56.8670177797 2.64116560743 -0.000447859038889
46497.091797 20.9348517803 56.8571499258 2.63420677547 0.000609999290085
46508.2172853 20.8498138263 56.7529892458 2.6345089357 -0.000433254264436
46519.3530272 20.900431656 56.8193231525 2.63476064757 0.000157554616395
46530.472656 21.0259638738 56.8396070744 2.62101315579 0.00262678245208
46541.5966798 20.8103319191 56.769983883 2.6411584598 -0.00137200827887
46552.7192382 20.8002083531 56.8308356487 2.64849136265 -0.00200566660067
46563.841797 20.8396902603 56.7431213919 2.63479719182 -0.000575043858627
46574.96875 20.9196664313 56.7738213818 2.62781222026 0.000873941847481
46586.0913088 20.8913204467 56.7524410317 2.62924248211 0.000433338601411
46597.215332 20.8639868186 56.8248052936 2.63988330352 -0.000638180460847
46608.336426 20.8761350977 56.8187749384 2.63775708381 -0.000343709249534
46619.4604493 20.8346284773 56.7310606816 2.63423156296 -0.00059637853585
46630.5756835 20.8953698731 56.7343499662 2.62693220551 0.000643326363534
46641.7070315 20.9176417182 56.7661463843 2.6273020298 0.00088522598765
46652.8295895 20.8923328033 56.8823677746 2.6420596553 -0.000449443350228
46663.9536132 20.8923328033 56.7962981601 2.63348387246 0.000149354883239
46675.0732423 20.9186540747 56.8143892256 2.63198061043 0.000570717019
46686.1972652 20.8963822297 56.7529892458 2.62866143294 0.000534752915257
46697.3168948 20.958135982 56.6674678453 2.61238937747 0.00241332010566
46708.4379882 20.948012416 56.7102285456 2.61791860626 0.0019055310812
46719.5649413 20.8771474543 56.7475071047 2.63053083186 0.000173026665509
46730.6831055 20.8649991752 56.7458624624 2.63189245655 -6.8057799761e-05
46741.8027342 20.8811968807 56.780399951 2.63329857366 2.84425045357e-05
46752.9282228 20.9277652841 56.7118731879 2.62062542119 0.00147311543064
46764.0463868 20.9186540747 56.7968463742 2.6302329514 0.000692746128209
46775.1718747 20.9318147105 56.9081338376 2.6396691602 0.000192080510696
46786.2871095 20.9540865556 57.1625051825 2.66223963201 -0.00111612651137
46797.4155272 20.9763584007 57.0007820214 2.64331025813 0.000473388664364
46808.5380857 20.9085305088 57.0594409307 2.6576793846 -0.00134537788141
46819.6665037 20.9125799352 57.0418980793 2.65542119871 -0.00113902400961
46830.7861327 21.0553222151 57.1400284041 2.64727830361 0.00114593008454
46841.9072265 21.0360874398 57.1997837416 2.65565818428 0.000329468640416
46853.0297853 21.113026541 57.1109730566 2.6371276125 0.00254882658774
46864.1625978 20.9804078271 57.1307087644 2.65576068185 -0.000347263131179
46875.2763673 20.9277652841 57.0835623513 2.65766965711 -0.00111347327287
46886.3945315 20.9166293616 57.201976598 2.670883275 -0.00216997467347
46897.5112303 20.9925561062 57.1356426913 2.65472683419 -0.000128998901444
46908.6367188 20.9793954705 57.1636016107 2.65916987439 -0.000597480419818
46919.7563475 20.9996426024 57.1487998298 2.65514934223 -7.3285700442e-05
46930.8774412 21.0907546959 57.1526373286 2.64408370362 0.00179519312111
46941.9985353 21.0867052695 57.0961712757 2.63895907313 0.00210430512739
46953.119629 21.0593716415 57.1263230515 2.64540203494 0.00132564508252
46964.2421878 20.8923328033 57.0495730768 2.65872933268 -0.00161339229161
46975.369141 21.0057167419 57.1482516157 2.65433153332 5.68601862502e-05
46986.493164 20.9824325402 57.0956230616 2.6520060616 -6.07537145729e-05
46997.6157225 20.9986302458 57.1477034016 2.65516712396 -8.67009495439e-05
47008.7382815 21.000654959 57.1104248425 2.65119344589 0.000215105784735
47019.8681643 21.0107785249 57.1641498248 2.65528197124 5.13669508596e-05
47030.987793 20.9642101215 57.1581194696 2.66053037453 -0.000875061478356
47042.107422 20.9864819666 57.1191962681 2.65384904239 -0.000140746817678
47053.2226562 21.000654959 57.1043944873 2.65059185257 0.000257111631321
47064.34668 21.1352983861 57.1866266031 2.64187690687 0.00248516302169
47075.4750972 20.9510494858 57.1175516258 2.65813583158 -0.000866095660872
47086.5961913 20.9075181522 57.0846587795 2.66032186577 -0.00154205661175
47097.711426 20.9844572534 57.0046195201 2.64267551746 0.000615091009486
47108.8398438 21.0047043853 56.9980409509 2.63947594175 0.00108196787022
47119.956543 21.0563345717 56.9788534572 2.63107569631 0.00228944255297
47131.0834962 20.9874943232 56.9931070239 2.6411460664 0.00075840295086
47142.2060545 20.9824325402 56.8516677847 2.62768386797 0.00163752699559
47153.3344728 20.8892957335 56.9980409509 2.65397180973 -0.00131770680328
47164.4541015 20.8791721675 56.9591177494 2.65136235444 -0.00125718462967
47175.5766603 20.9247282143 56.8017803012 2.6299616021 0.000784712476421
47186.6992188 20.8660115318 56.8461856437 2.64175932476 -0.000744837967198
47197.8188475 20.9662348347 56.8862052734 2.63316030205 0.00106037935121
47208.9472655 20.8417149735 56.7502481753 2.63525277906 -0.000582522857663
47220.0639647 20.862974462 56.8237088654 2.63990118026 -0.000651595822339
47231.17334 20.8741103846 56.801232087 2.63626363079 -0.000263765282409
47242.2929688 20.9358641369 56.7990392306 2.62828990513 0.00103531134271
47253.4125975 20.8538632527 56.8818195605 2.64683556749 -0.00124528670223
47264.5395507 20.8002083531 56.904844553 2.65586641111 -0.00252062436814
47275.6606445 21.0067290985 56.87907849 2.62736300103 0.00195209369427
47286.7875978 20.9267529275 56.9426713262 2.64374750086 -0.000153538330141
47297.9101562 21.0097661683 56.93115883 2.63217217817 0.00165281842501
47309.03418 20.9540865556 57.1334498349 2.65934050399 -0.000913696859571
47320.1552732 20.9490247726 57.08739985 2.65538224988 -0.000698171263124
47331.2778323 20.9723089743 57.0895927065 2.65267622923 -0.0002292737643
47342.3945315 21.0674704942 57.1504444721 2.64679102987 0.00132607340756
47353.5185545 21.0482357189 57.2041694545 2.65456944284 0.000551597932296
47364.642578 21.0290009436 57.2787265728 2.66442877391 -0.000368158656113
47375.7607423 20.9804078271 57.1981390993 2.66248935699 -0.000817088319436
47386.8833005 21.0563345717 57.1849819608 2.65163683592 0.000853774894564
47398.0043948 20.9804078271 57.3450604795 2.67715745729 -0.00184127849605
47409.1298825 20.9824325402 57.2721480035 2.6696225485 -0.00129081298975
47420.253906 20.9216911445 57.3116194191 2.68119315736 -0.00282900620087
47431.3808595 21.0259638738 57.2458337265 2.66152660364 -0.000202041626584
47442.4990235 20.9864819666 57.3077819204 2.67267170915 -0.00145502678602
47453.623047 21.0441862925 57.2469301547 2.65934643653 0.00016934391537
47464.7441408 21.0148279513 57.300655137 2.66839894645 -0.000815819729932
47475.8623045 21.000654959 57.1608605401 2.65622560844 -0.000136261559417
47486.9863283 20.9186540747 57.154830185 2.66592408572 -0.00179936317172
47498.1074217 20.9692719045 57.1164551976 2.65573750593 -0.00047954220321
47509.2343747 21.0441862925 57.1438659029 2.64906048871 0.000887553260955
47520.3554688 20.9419382764 57.2458337265 2.67208215342 -0.001949428227
47531.4868167 21.0522851453 57.0725980692 2.64093306161 0.00155245346811
47542.6049805 21.0735446338 57.1937533865 2.65034953934 0.00115066540457
47553.7246092 20.9885066798 57.2326765879 2.6649191573 -0.000889363916163
47564.8500978 20.9945808194 57.2343212303 2.66432024892 -0.000774505825188
47575.9697265 21.0391245096 57.2398033713 2.65927103835 0.000113730056947
47587.09375 20.9864819666 57.2765337164 2.66955170555 -0.0012371746461
47598.2104495 20.9793954705 57.3022997793 2.67301453109 -0.00156417420471
47609.3300783 20.9692719045 57.1827891044 2.66235632011 -0.000941696424041
47620.4570315 21.0836681998 57.1690837517 2.64661540734 0.00153317339691
47631.5751952 20.9591483386 57.3434158372 2.67966373883 -0.00227189494385
47642.6992188 21.0725322772 57.2874979985 2.65983454613 0.000476204017027
47653.8232423 21.0391245096 57.3105229909 2.66633154574 -0.000379265093143
47664.95166 21.0107785249 57.2085551673 2.65971349793 -0.000258061400963
47676.0712893 21.0644334245 57.1438659029 2.64651627555 0.00130872734341
47687.198242 21.0583592849 57.2321283738 2.65608797091 0.000567330310042
47698.317871 21.038112153 57.2403515854 2.65945296488 8.88516091293e-05
47709.4360353 21.1383354559 57.2968176383 2.65249470979 0.00178032295102
47720.5585938 21.0077414551 57.1822408903 2.65746886258 -0.000137853672374
47731.6782225 21.0158403079 57.2217123058 2.66039076686 -0.000244479578965
47742.8022462 21.0411492228 57.1153587694 2.6465979164 0.00102297346838
47753.9218747 21.0128032381 57.0451873639 2.64315994675 0.000922127628188
47765.042969 21.0988535487 57.0594409307 2.63376856271 0.00261286689323
47776.166992 21.1049276883 57.1115212707 2.63820020894 0.00237650177042
47787.2910152 21.0583592849 57.0270962984 2.63563170336 0.00199567534835
47798.4165037 21.1049276883 57.1767587492 2.64470945674 0.00192199794735
47809.5434573 21.0522851453 57.1668908953 2.65034032845 0.000895597427141
47820.660156 21.0563345717 57.2337730162 2.65650656117 0.000513749624555
47831.7841798 21.1049276883 57.1893676736 2.6459677724 0.00183413690845
47842.9067382 21.0188773777 57.1844337467 2.65628860981 7.84743459336e-05
47854.029297 20.9935684628 57.0682123563 2.64787291706 0.000361744583335
47865.15625 21.0047043853 57.0813694949 2.64778627482 0.000501704487119
47876.2802735 21.0492480755 57.0709534269 2.64115064427 0.00150073249937
47887.402832 21.0087538117 57.1197444822 2.65110572811 0.000318621975623
47898.5283205 20.9510494858 57.0824659231 2.65463577162 -0.000621706342792
47909.6523438 20.9966055326 56.9963963085 2.64032942364 0.000924984276825
47920.7792967 21.1271995334 57.0172284445 2.62599602442 0.00349659481668
47931.9003908 21.0856929129 57.1032980591 2.6397972486 0.00203360225167
47943.0302732 20.8791721675 57.0994605603 2.6653580336 -0.00223442345483
47954.1513673 21.038112153 57.0747909256 2.64293267392 0.00124236974515
47965.2709963 21.0532975019 57.0852069936 2.64206356343 0.00148569317642
47976.3906247 21.1069524014 57.066567714 2.63346151044 0.00273173576775
47987.5146485 21.1241624636 57.0473802203 2.62938468992 0.00322344431737
47998.6372067 21.0107785249 56.9733713161 2.63625313419 0.00138004262004
48009.7583005 21.043173936 56.993655238 2.63420521924 0.00191263660362
48020.8867188 21.1525084482 56.9596659635 2.61707534723 0.00442398565659
48032.0078122 20.958135982 56.8412517167 2.6296980427 0.00120475426988
48043.1303708 21.0624087113 56.8911392003 2.62156891587 0.00302630636036
48054.2529298 21.2122374873 56.8916874144 2.60279019542 0.00614020252893
48065.379883 21.0593716415 56.9031999106 2.6231525798 0.00287919823052
48076.499512 21.0907546959 56.8598909963 2.61489268457 0.00383343627157
48087.62793 21.0674704942 56.8977177696 2.62158847597 0.00308582467761
48098.7416995 20.9814201836 56.7782070946 2.6204924061 0.00212749313031
48109.8613283 21.0745569904 56.8368660039 2.61463402916 0.00365665398789
48120.9882815 21.038112153 56.9010070542 2.62560539042 0.00245223558925
48132.1064452 21.0259638738 56.8313838628 2.62019382796 0.00268399146316
48143.2319338 20.9652224781 56.8121963692 2.62591305248 0.0015542416024
48154.3544923 21.0887299827 56.8056177999 2.60973964605 0.00416888767649
48165.4799805 21.0765817036 56.8423481449 2.61492581536 0.00366063487239
48176.5981448 20.9702842611 56.8472820719 2.62877292281 0.00141541380447
48187.720703 21.1150512542 57.0095534471 2.62675762287 0.00329726245678
48198.8447262 20.9308023539 56.9201945479 2.64099842514 8.70950958071e-05
48209.961426 21.1059400449 56.936092757 2.62057881511 0.00361908243581
48221.0839842 21.0887299827 56.8911392003 2.61826116086 0.00357387867173
48232.2036132 21.0340627266 56.9558284648 2.63157871909 0.00198645024046
48243.324707 21.0411492228 56.9700820315 2.63210930514 0.0020346309448
48254.45459 21.000654959 56.9300624018 2.63320756044 0.00147095806463
48265.5698245 20.942950633 56.8927838426 2.63674061987 0.000530441361162
48276.689453 21.0492480755 56.8883981298 2.62294948684 0.00277161599917
48287.8149413 20.9358641369 56.9092302658 2.63926984023 0.000268644805076
48298.930176 21.0239391606 56.936092757 2.63088331138 0.00191325573082
48310.0585938 21.0026796721 56.9158088351 2.63153245201 0.00161226892351
48321.1811525 21.0603839981 56.9284177595 2.62553890083 0.00272475155355
48332.3051757 21.1039153317 56.811648155 2.60843193544 0.00444287260381
48343.4277342 21.0209020909 56.8308356487 2.6207751829 0.00258252464613
48354.5546878 21.0583592849 56.7727249536 2.61027964322 0.00376586579044
48365.6728515 20.9753460441 56.7233856841 2.61579538412 0.00238242358992
48376.7954103 21.0725322772 56.7310606816 2.60434895139 0.00435044811948
48387.9165037 21.0421615794 56.811648155 2.61619236 0.00315819656427
48399.0361327 21.0016673156 56.7261267546 2.61276173701 0.0029107475975
48410.160156 21.1039153317 56.7381874649 2.60111464698 0.00495379731826
48421.2812497 21.065445781 56.7266749687 2.60480271717 0.00423352514458
48432.4008793 21.0887299827 56.7765624523 2.60684527928 0.00437098487718
48443.5234378 20.9540865556 56.8741445631 2.63348433421 0.000891692697187
48454.6430662 21.1373230993 56.8368660039 2.60674535875 0.00496256010011
48465.7700198 21.1170759674 56.889494558 2.61453467137 0.00417508033026
48476.8896485 21.1525084482 56.9174534774 2.61286746827 0.0047177979574
48488.0180667 21.1261871768 56.9826909559 2.62267948773 0.00371598995661
48499.140625 21.0553222151 56.9733713161 2.63065633543 0.00230654776355
48510.2646482 21.0887299827 56.8204195807 2.61121428358 0.00406592210868
48521.3857423 21.1514960916 56.7995874447 2.60124978422 0.00551681387526
48532.505371 21.0816434866 56.5687893064 2.58704968025 0.00566795463916
48543.625 21.1160636108 56.6630821325 2.59210923098 0.0057287422262
48554.744629 21.1029029751 56.6433464247 2.59179859179 0.00559210589857
48565.871582 21.0421615794 56.5972964399 2.59484808474 0.0046485461392
48576.9882815 21.0583592849 56.7168071148 2.60471053961 0.00415472468077
48588.109375 21.118088324 56.7469588906 2.60020687474 0.00518768838486
48599.2333982 21.0522851453 56.7200963995 2.60580136129 0.00400550066728
48610.357422 21.1008782619 56.6362196413 2.5913436159 0.00559951708973
48621.4843747 20.9399135632 56.6285446439 2.61080340905 0.00230497692314
48632.611328 21.0532975019 56.5808500167 2.5918120047 0.00499447425665
48643.7280275 21.0138155947 56.5583732384 2.59453605476 0.00432943231338
48654.8505857 21.0300133002 56.5435714575 2.59102808349 0.00476916999092
48665.9731448 20.9834448968 56.6575999914 2.60822774902 0.00300821020679
48677.0986327 21.0927794091 56.6022303668 2.58897828488 0.00566724790925
48688.2124022 21.0593716415 56.6115500066 2.59410419325 0.00490748216285
48699.3364257 21.1383354559 56.7316088957 2.59613318334 0.00571572839213
48710.4560545 21.0745569904 56.7431213919 2.60529564753 0.00430870016596
48721.5844728 21.0583592849 56.7771106664 2.61071649625 0.0037353628227
48732.7041015 21.1302366031 56.8264499359 2.60659831618 0.00488756632925
48743.8281247 21.0624087113 56.8593427822 2.61840026861 0.00324755501125
48754.9550783 21.0634210679 56.8313838628 2.61548721248 0.00346313390421
48766.0791018 21.0836681998 57.0216141574 2.63190453318 0.00256035022934
48777.2060545 21.1697185103 56.9903659534 2.61797264232 0.00456841724043
48788.3242188 21.1008782619 57.0550552178 2.63307667428 0.0026855345314
48799.4423827 21.1869285725 57.1279676938 2.6295332158 0.00396830671909
48810.5708007 21.1373230993 57.1509926863 2.63806652728 0.00277558070436
48821.6889647 21.070507564 57.097815918 2.64115870214 0.00175587791657
48832.808594 21.1535208048 57.0342230818 2.62438218358 0.00392597181098
48843.9326173 21.1646567274 57.1937533865 2.63889764779 0.00304643419526
48855.0537113 21.1545331614 57.0517659332 2.62600449307 0.0038248762549
48866.1762692 21.1342860295 57.1636016107 2.6397064484 0.00262453363554
48877.2929688 21.0917670525 57.0830141372 2.63701047255 0.00230125477824
48888.4169923 21.1373230993 57.1148105553 2.63445654324 0.00302764539662
48899.5410158 21.2314722627 57.1959462429 2.63071582129 0.00442181769682
48910.6650393 21.1808544329 57.0895927065 2.62646852547 0.00410920137966
48921.7890625 21.155545518 57.0660194999 2.62729886174 0.00374667899297
48932.911621 21.2041386346 57.2255498046 2.63710741311 0.00364655630842
48944.0356448 21.1879409291 57.1778551774 2.63438379951 0.00364180070951
48955.1552732 21.1788297197 57.2047176686 2.63821014079 0.00326498633736
48966.2807618 21.2385587588 57.1729212505 2.627526902 0.00472977688126
48977.3974613 21.2719665265 57.2513158675 2.63115010282 0.00487892678599
48988.5273438 21.2537441077 57.2452855124 2.63283979915 0.00454159059606
48999.6499025 21.330683209 57.3329997692 2.63192047416 0.00553205194739
49010.7739257 21.2689294567 57.4157800991 2.64795626888 0.00366888746866
49021.8950195 21.2841148056 57.2957212101 2.63405553224 0.00482230211761
49033.0234378 21.358016837 57.4086533158 2.63603827988 0.00557366646806
49044.1430662 21.3721898294 57.4793729353 2.64132115056 0.00537547151058
49055.2700198 21.3570044805 57.581888973 2.65347872562 0.00434370823417
49066.3881835 21.4491289306 57.5687318345 2.64057117522 0.00635454231741
49077.5078122 21.288164232 57.4536068724 2.64931645375 0.0038054684877
49088.631836 21.3519426975 57.5002050713 2.64595036194 0.00480841729939
49099.7529298 21.3620662634 57.5303568471 2.64769036304 0.0048088317883
49110.8754882 21.3276461392 57.4700532956 2.64599365435 0.00451283302631
49121.9921878 21.3408067749 57.4766318648 2.64499547666 0.00474099738096
49133.1162113 21.2871518754 57.4601854417 2.65010112416 0.00373849186256
49144.2402345 21.3590291936 57.4634747263 2.64138824223 0.00521229992989
49155.3583985 21.400535814 57.3362890539 2.62346061297 0.00696395600244
49166.4780272 21.2993001545 57.4168765273 2.64424601671 0.00429357453683
49177.6020507 21.3347326354 57.420165812 2.64011762946 0.00500844999386
49188.7216798 21.3893998915 57.503494356 2.64156641509 0.0055656106999
49199.8471677 21.3084113639 57.6197157463 2.66337379331 0.00306768541259
49210.9624025 21.3610539068 57.5966907539 2.65444919415 0.00432470987151
49222.086426 21.4207829459 57.695917507 2.65685735782 0.00487592044192
49233.211914 21.3873751783 57.6981103634 2.66128047738 0.00416470483679
49244.3271485 21.4096470234 57.8444835295 2.67312515488 0.00360590185225
49255.4555667 21.4471042174 57.8439353154 2.66835651574 0.00439005914905
49266.57666 21.5291051016 57.966735275 2.67033060008 0.00524019451909
49277.7036132 21.4602648532 58.148742358 2.69723305664 0.00253231642336
49288.824707 21.5604881561 58.1399709323 2.6837372158 0.00468228521031
49299.95166 21.4967096906 58.1679298516 2.69456925959 0.00315739729565
49311.0888673 21.4197705894 58.279217315 2.71541226099 0.000775170013361
49322.212891 21.5048085433 58.2156244788 2.69833172859 0.00299226805778
49333.336914 21.5098703263 58.362545859 2.71243179063 0.00206873148993
49344.4638675 21.4835490548 58.3143030178 2.7109048549 0.00185821033455
49355.5820315 21.5250556753 58.3746065694 2.7117303523 0.00230068844676
49366.703125 21.4714007757 58.336231582 2.71463389909 0.00145147191926
49377.8286132 21.5564387297 58.3691244283 2.70722911791 0.00299317658832
49388.9453125 21.6455261101 58.5039850982 2.70954707445 0.00390516166144
49400.0737305 21.5311298148 58.5083708111 2.72439264034 0.001489747634
49411.1948245 21.5797229314 58.4085958439 2.70825841421 0.00320193147517
49422.3203125 21.6303407611 58.5461975843 2.71569849248 0.00329257624633
49433.4443357 21.4845614114 58.4096922721 2.72034887989 0.00121098470122
49444.5727537 21.5817476446 58.4118851285 2.70833358639 0.00322108600831
49455.6909177 21.5402410242 58.3735101411 2.70970855571 0.0026248495265
49466.816406 21.4886108378 58.5259136624 2.73150665792 0.000480688970767
49477.9433592 21.6526126062 58.5768975742 2.71597666819 0.00354165457875
49489.067383 21.6111059858 58.559902937 2.71949734484 0.00279545512538
49500.1870118 21.5321421714 58.5483904407 2.72828389774 0.00123024253695
49511.3110353 21.6667855986 58.5681261485 2.71331045482 0.00389869821471
49522.432129 21.6303407611 58.5176904508 2.71283580351 0.00349246156641
49533.5561525 21.7619471185 58.7643867982 2.7210421811 0.00450640180329
49544.6757815 21.7690336147 58.7863153625 2.72235375447 0.00450029644626
49555.8041993 21.7811818938 58.9798349416 2.74028782689 0.00339459504604
