Time		Tb_f1		Tb_f2		Q		W
49572.484375 21.960377039 59.8197772366 2.78454421745 0.00196681667494
49583.6201173 21.8885431323 59.8361675588 2.7951980068 0.000360163037515
49594.7368162 21.9280011937 59.8323431503 2.7898661387 0.00120634267425
49605.8681643 21.9158602518 59.8591140101 2.79407648676 0.000766565898992
49616.9892577 22.0757159878 59.9716608898 2.78532768801 0.00329808601572
49628.1132812 21.9593652938 60.0825687372 2.81106866527 0.000102886143213
49639.2416995 21.948236097 60.1262762633 2.81685805256 -0.000434993380989
49650.3627932 22.0048938263 60.0754662642 2.80464399967 0.00109843170293
49661.4882815 21.9644240197 60.0945883069 2.81164232641 0.000123611138985
49672.609375 22.0038820811 60.1514080908 2.81240506752 0.000544444175069
49683.7260743 21.9866824133 60.124090887 2.81181618335 0.000378895851702
49694.8559573 21.9684710003 60.1820033591 2.81992325791 -0.000405892666945
49705.98291 22.0949391459 60.1055151884 2.79636667864 0.00275846657703
49717.1025393 21.9937646294 60.1180811022 2.81032364631 0.000568189572814
49728.2177735 22.0180465134 60.1224518548 2.80771699282 0.00104193870396
49739.350586 22.1101153234 60.2694184113 2.81094442928 0.00192316149091
49750.4658202 22.05851632 60.1716228217 2.80758335237 0.00153761154784
49761.5986325 22.0838099491 60.2278962615 2.81006880362 0.00166809621753
49772.7167967 21.9947763746 60.3502773346 2.83355166625 -0.00104129313285
49783.8408202 22.0807747136 60.3431748616 2.8220474796 0.000795335815458
49794.9575192 22.1799257397 60.4087361508 2.8162020401 0.00239540225917
49806.0903323 22.1404676783 60.4256728171 2.82285986397 0.00145618078432
49817.2055662 22.188019701 60.4382387309 2.81815604247 0.00235631025339
49828.3325195 22.1212445202 60.4764828162 2.83038827248 0.000699495721706
49839.4536132 22.1435029138 60.5130878693 2.83128097455 0.00090476068717
49850.5791015 22.1981371527 60.4874096977 2.82183693292 0.00222099293559
49861.7016603 22.1303502267 60.4764828162 2.82924546544 0.000888744536733
49872.8300783 22.0564928296 60.5065317404 2.84153973857 -0.000857335929235
49883.9482423 22.0382814167 60.5398587291 2.84718127521 -0.00147005589095
49895.078125 22.1424911686 60.4420631394 2.82425600657 0.00138303765093
49906.2138673 22.0180465134 60.3650286247 2.83211711321 -0.000661529390189
49917.3349613 22.1060683427 60.3699457213 2.8215676407 0.00113286574355
49928.4633793 22.188019701 60.2967356151 2.80391444505 0.0033505720202
49939.5844728 22.0858334394 60.2677793791 2.81382669513 0.00143006468751
49950.7084965 21.9988233553 60.1787252947 2.81578640457 0.000247595777808
49961.8266603 22.0139995327 60.1213591666 2.80811483872 0.000965533507641
49972.9521488 21.9320481744 60.1202664785 2.81828405179 -0.000729009776963
49984.0732423 21.9967998649 60.0563442216 2.80373748355 0.00106446494743
49995.1987305 21.9027075646 60.1251835752 2.82245771992 -0.00137282025891
50006.3212893 21.9907293939 60.0803833609 2.80691501722 0.000769690250015
50017.4467775 22.0008468456 60.1251835752 2.81014925972 0.000665460420128
50028.569336 21.9684710003 60.1464909942 2.81635248848 -0.000156603249415
50039.697754 21.9978116101 60.1066078766 2.80866263781 0.000732777219076
50050.8129882 21.9947763746 60.0148220718 2.79981875228 0.00131373388151
50061.942871 21.9836471778 59.9885975561 2.7985798781 0.00126650616295
50073.0610353 21.9624005293 60.1820033591 2.820684647 -0.000531978680209
50084.1879882 21.9745414713 59.9896902443 2.79983180379 0.00106970274003
50095.3164062 21.9391303906 60.1415738975 2.81953799897 -0.000731477239884
50106.4360353 21.9967998649 60.1574178757 2.81389773363 0.0003551380441
50117.562988 22.0048938263 60.1749008861 2.81464033914 0.000400548042295
50128.6826173 21.8511085612 60.1426665856 2.83068493597 -0.0025668867924
50139.8125 21.8723552097 60.1759935743 2.83137211776 -0.00235970950407
50150.9291993 21.9300246841 60.0984127154 2.81634097781 -0.000617663013275
50162.0546875 21.8915783678 60.0754662642 2.81885563142 -0.0012550141344
50173.1757812 21.9755532165 60.073827232 2.80815967093 0.000500457212294
50184.3071287 21.9634122745 60.001709814 2.80243532531 0.000754232989626
50195.4223632 21.9037193098 59.9935146528 2.80909799037 -0.000427973055286
50206.5493165 21.8541437967 60.0978663714 2.8258006686 -0.00218944793596
50217.6689452 21.9431773712 60.0295733618 2.80777291402 0.000138505122985
50228.7841795 22.0190582586 59.9858658357 2.79386336318 0.0020212725437
50239.9169923 21.9502595874 60.0088122869 2.80479857219 0.000431234835481
50251.0336912 21.960377039 60.0224708888 2.8049020659 0.000545555437758
50262.1474613 21.8339088934 60.0006171258 2.81856422609 -0.00192722857178
50273.277344 21.8642612484 60.0333977704 2.8180528688 -0.00152704383944
50284.401367 21.9927528843 60.159603252 2.81462511895 0.000255730487334
50295.523926 21.9745414713 60.0869394898 2.80960449812 0.000387432623169
50306.6494143 21.904731055 60.0049878784 2.81012387195 -0.000487441732163
50317.7719727 21.8369441289 60.0989590595 2.82806675346 -0.00255419075006
50328.9018555 21.8237914418 60.0940419628 2.82922129216 -0.00279272540747
50340.0214842 21.9300246841 60.1612422842 2.82265748241 -0.00105864297074
50351.1381835 21.8915783678 60.181457015 2.82951123255 -0.00199892343716
50362.2636717 21.9957881198 60.180910671 2.81638690258 0.00016920284165
50373.381836 21.9978116101 60.2054961544 2.81860547871 3.8628503345e-05
50384.5117188 21.8460498354 60.1989400255 2.83697760297 -0.00306694991185
50395.6298825 21.9360951551 60.0978663714 2.81552476797 -0.000487759067927
50406.7597655 21.8632495032 59.9186655144 2.80665346777 -0.000743357147301
50417.8779295 21.8440263451 59.9345094926 2.81065482423 -0.0012535521015
50429.0078122 21.8511085612 59.872772612 2.80356681528 -0.000673664438207
50440.1274418 21.7640984771 59.9651047608 2.82374669074 -0.00312718635334
50451.2514645 21.8875313872 59.9771243305 2.80948112405 -0.000649148754873
50462.3696293 21.9340716647 59.9989780936 2.80584066464 0.000164018924375
50473.496582 21.8278384225 59.9940609969 2.81866650304 -0.00200726066464
50484.6162113 21.8915783678 60.0317587381 2.81446309715 -0.000948354090903
50495.7416995 21.8227796966 59.9973390613 2.81962999465 -0.00213526757307
50506.8657227 21.9067545453 59.9978854054 2.80915652154 -0.000395602781458
50517.9897465 21.7873686159 59.973299922 2.82165349379 -0.00270169451041
50529.1123045 21.812662245 59.9656511049 2.81771471627 -0.00212303440329
50540.237793 21.9138367614 59.8170455162 2.79010664743 0.00101941065323
50551.3559573 21.9259777034 59.8531042252 2.79220430811 0.00101879943517
50562.4873048 21.8814609162 59.8449090641 2.7969636502 0.000151838022779
50573.604004 21.7772511642 59.8673091712 2.81227625612 -0.00216849573111
50584.7338868 21.9148485066 59.837260247 2.7920091868 0.000898739543746
50595.850586 21.898660584 59.8509188489 2.7954104196 0.000466849968573
50606.9716795 21.8318854031 59.6908400346 2.78771583606 0.00020212107379
50618.0986325 21.9158602518 59.8602066982 2.79418620126 0.000758906299769
50629.2226565 21.8662847387 59.7542159474 2.78976267144 0.000472306327357
50640.34375 21.824803187 59.7716989579 2.79671768016 -0.000511372476864
50651.4707027 21.9077662905 59.6700789597 2.77611921996 0.00192301308963
50662.5947265 21.8936018581 59.7930063768 2.79023088597 0.000767694766412
50673.7099613 21.880449171 59.8356212148 2.79615801681 0.000195931425305
50684.8383793 21.8015330482 59.779894119 2.80045712367 -0.0010518365028
50695.9624025 21.7893921062 59.7968307854 2.80367889292 -0.00142252396014
50707.0849613 21.8956253485 59.6820985293 2.77884744709 0.00158672063415
50718.2016603 21.8895548775 59.7432890659 2.78574844073 0.00103202571489
50729.3300783 21.8258149321 59.6596984222 2.78535262567 0.000294214903872
50740.4497073 21.8298619128 59.6099811113 2.77985850283 0.000726375074907
50751.5649412 21.9087780356 59.6498642288 2.7739645118 0.00208559404959
50762.6933595 21.8602142677 59.7411036896 2.78920786368 0.000438138584021
50773.814453 21.7671337126 59.6733570241 2.79407801759 -0.00101946344153
50784.9487305 21.8642612484 59.6760887445 2.78217703924 0.00097758851615
50796.0712893 21.9118132711 59.6990351957 2.77851681169 0.00180423743401
50807.1982423 21.904731055 59.7596793882 2.7854903725 0.00123231946957
50818.319336 21.8844961517 59.8001088498 2.79208556075 0.00052884994005
50829.447754 21.9462126067 59.7618647645 2.78050769597 0.00207845916327
50840.5629882 21.8834844065 59.7547622915 2.78766100364 0.000825594454233
50851.6914062 21.9522830777 59.8460017522 2.78819218717 0.00161490049153
50862.8110353 22.0028703359 59.8279723977 2.78003687527 0.00279203771757
50873.9335938 21.9452008615 59.8531042252 2.78979352668 0.00141802477615
50885.0546878 21.9836471778 60.0148220718 2.8012147633 0.0010825544938
50896.1831055 21.9472243519 59.9208508907 2.79634291099 0.000985094879638
50907.3041993 22.0777394781 60.0175537922 2.78968467711 0.00301822835595
50918.4311525 22.0494106135 60.1749008861 2.80905545854 0.00132540411868
50929.581543 22.0231052392 60.1694374454 2.81180636453 0.000817232237802
50940.6923825 22.0676220265 60.1016907799 2.799410061 0.00221765893039
50951.8178713 22.1070800879 60.0754662642 2.7918227003 0.00322163853463
50962.9360353 21.9148485066 60.0099049751 2.80934922295 -0.000311836382383
50974.065918 22.0311992005 59.9640120727 2.79014476143 0.00242677800231
50985.1826173 22.0311992005 59.9940609969 2.79316358281 0.00221602224289
50996.3095702 21.9826354326 59.9667437931 2.79651129262 0.00139876630215
51007.4306643 21.9229424679 59.9694755135 2.80427233603 0.000139823748898
51018.5488283 22.0726807523 59.9656511049 2.7851048109 0.00327716505141
51029.6757812 21.9775767068 60.0934956188 2.80988277982 0.000404471443209
51040.804199 22.0423283973 60.2011254018 2.81258119515 0.000994146065388
51051.9223632 22.1151740492 60.2289889497 2.80624277984 0.00231221279234
51063.0375973 22.0767277329 60.3737701299 2.82563443453 0.00049627436433
51074.1660158 22.2021841333 60.374862818 2.8099982205 0.00309616527123
51085.287109 22.212301585 60.4808535688 2.81939847461 0.00256156355528
51096.4038088 22.2527713916 60.4349606664 2.80969634967 0.00372562314368
51107.5292967 22.1900431914 60.410375183 2.81509695046 0.00259420909056
51118.6474613 22.1435029138 60.5496929224 2.83496790581 0.000647361557552
51129.775879 22.292229453 60.5010682996 2.81139783815 0.00408145880383
51140.8911132 22.2811002562 60.5147269015 2.81417106053 0.00375397368561
51152.0239257 22.2254542721 60.5256537831 2.82225891876 0.00252003895864
51163.1420897 22.1708200332 60.518004966 2.82834735154 0.00143800402402
51174.2587893 22.2811002562 60.4939658266 2.81208022848 0.00389994287074
51185.3828128 22.2254542721 60.4650095906 2.81615174456 0.00294640473948
51196.5024412 22.2527713916 60.5802881907 2.82433239794 0.00270382321563
51207.6337893 22.2942529433 60.5196439982 2.81301450977 0.0039929342669
51218.7490235 22.2608653529 60.5677222769 2.82205012934 0.00296050991758
51229.881836 22.3003234143 60.5595271158 2.81626937949 0.00383872516167
51240.9985353 22.1171975395 60.5961321689 2.84294776232 -0.000225981354547
51252.1298825 22.310440866 60.6261810931 2.82171413106 0.0035803197867
51263.2480467 22.4095918921 60.87640668 2.83448774586 0.00388159932748
51274.3706055 22.5987882379 60.9157434535 2.81467602637 0.00754257662017
51285.4887692 22.6028352185 60.9501631303 2.81764046753 0.00738435990889
51296.6215823 22.8001255256 61.4101848425 2.83929789717 0.00824951633467
51307.7368162 22.9771809294 61.4773851639 2.82380691235 0.0114659212896
51318.8666993 23.0712732297 61.4844876369 2.81267440235 0.0133782918698
51329.9848632 23.0034863037 61.3976189288 2.81242590892 0.0125777894852
51341.1030272 23.0449678554 61.6019516133 2.8278752487 0.0119996601851
51352.2285158 22.937722868 61.442419143 2.8252382603 0.0108900817282
51363.34375 22.9013000421 61.1839983949 2.80370012965 0.0119545061687
51374.4721678 22.851724529 61.3096575325 2.82263951607 0.0100345249072
51385.5903323 22.9488520648 61.4986925829 2.82952983481 0.010724694009
51396.7187497 22.857795 61.2976379628 2.82066044172 0.0102458792258
51407.8383793 22.7647144448 61.0359391503 2.80593715897 0.0101517562352
51418.9682615 22.5482009796 60.804835606 2.80984821628 0.00727040893061
51430.086426 22.3074056305 60.5447758257 2.81389398207 0.0040897603195
51441.2163085 22.3347227499 60.4830389451 2.80424516359 0.00509203057721
51452.3344727 22.200160643 60.4928731385 2.82213308478 0.00222465001267
51463.459961 22.2193838011 60.5130878693 2.82175548885 0.00248218086369
51474.5810545 22.2031958785 60.5420441054 2.82670430787 0.0019420142658
51485.6845702 22.3266287886 60.5808345348 2.81511199959 0.00423599313569
51496.8159178 22.3458519467 60.5496929224 2.8095602621 0.00485486667309
51507.9326173 22.292229453 60.5595271158 2.81728589245 0.00367039064192
51519.0639647 22.280088511 60.6463958239 2.82756310089 0.0028068526122
51530.1850585 22.4530969342 60.7201522742 2.81326324376 0.005886996328
51541.3076173 22.4824375439 60.8676651748 2.82445185145 0.00545907329293
51552.4243162 22.5370717828 60.8709432393 2.81791528775 0.00657320386842
51563.555664 22.5795650797 60.926670335 2.81819562055 0.00706534348537
51574.673828 22.4713083471 60.7649524885 2.81549139321 0.00595066171494
51585.7875973 22.5684358829 60.8234113046 2.80917774541 0.00756088891618
51596.9174805 22.6129526702 60.9233922706 2.81366674773 0.00778364066724
51608.040039 22.7394208157 61.1430225892 2.81993324511 0.00886981116823
51619.1640622 22.7616792094 61.2222424803 2.82513625468 0.00877481165048
51630.2924805 22.8689241968 61.3533650586 2.82489336764 0.0100845434958
51641.4135743 22.9812279101 61.5221853781 2.82783008233 0.0112338636647
51652.5390628 22.9953923424 61.7920793518 2.85337378957 0.00962141822459
51663.660156 23.1279309589 61.6997472029 2.8273251194 0.013039213199
51674.7885743 23.0904963878 61.7177765574 2.83386760796 0.012130678883
51685.9067382 23.1178135073 61.7696792447 2.83568330247 0.0123335870115
51697.0292967 23.0641910136 61.7904403196 2.84454224549 0.0110680153959
51708.1533202 23.0530618168 61.7609377395 2.84295530203 0.0110445208397
51719.2685545 23.0156272457 61.6407420427 2.83549780598 0.011113514435
51730.3984378 22.9033235324 61.60686871 2.8462097621 0.00901114240609
51741.5166015 23.1087078008 61.7265180627 2.8324585386 0.0124488268284
51752.6494143 23.109719546 61.7915330077 2.83891714162 0.0120101366269
51763.7646482 23.07329672 61.735805912 2.83786054171 0.0116443655403
51774.8945312 23.0156272457 61.8106550504 2.85270747265 0.00991204011372
51786.0200195 23.1977413753 61.9335824676 2.8422216985 0.012841907818
51797.1381835 23.4213370567 62.3875943949 2.86010612479 0.0142939262382
51808.2563473 23.6661793865 62.6695079383 2.85786564135 0.017410312923
51819.3891603 23.7673539029 62.8399672901 2.86243607796 0.0183152018535
51830.5029295 23.8837045969 62.9033432029 2.8541885111 0.0202991700078
51841.6298827 23.9535150132 62.8760259991 2.84258251541 0.0219546468203
51852.7524412 23.8250233773 62.6143271866 2.8321885668 0.0211247818865
51863.8793945 23.5852397733 62.3056427835 2.8310983791 0.0183002195212
51874.9990235 23.4102078598 62.0783636478 2.83011498238 0.0162532498009
51886.1274412 23.4678773342 62.3438868688 2.84979429505 0.0155762528466
51897.2456055 23.7855653159 62.8230306237 2.85841110323 0.018816567834
51908.3710938 23.9939848198 63.1382711557 2.86418790424 0.0209363781116
51919.4921878 24.1801459301 63.3857650222 2.86589052464 0.0230729342982
51930.6103515 24.2327566786 63.3245744857 2.85298758336 0.024611444359
51941.7373045 24.0516542942 63.1568468543 2.85878953667 0.0220117714115
51952.8613283 23.9241744035 62.8126500862 2.8398386169 0.02179094452
51963.9868162 23.7774713546 62.8137427744 2.85848805986 0.0187132524602
51975.1137698 23.8634696936 62.911538364 2.85758040265 0.019817422269
51986.2348632 23.9393505809 62.9503287935 2.85194093945 0.0211297863036
51997.3500973 23.7784830998 62.6940934217 2.84618291753 0.0195845653721
52008.4770507 23.4486541761 62.0925685937 2.82670600073 0.0169558218079
52019.59375 23.1643537849 61.757659675 2.8286011501 0.0133897601951
52030.7177732 22.9478403196 61.6019516133 2.8401072536 0.0099740405023
52041.8403323 23.0095567747 61.6942837622 2.84168385984 0.0106084085923
52052.970215 23.1734594913 61.7795134381 2.82966752149 0.0134252304758
52064.089844 23.1501893526 61.8740309632 2.84217778388 0.0122709467172
52075.2036132 23.1623302945 61.9914949396 2.85255671749 0.01169290244
52086.3334963 23.4648420987 62.2225984839 2.83786039135 0.0163727229056
52097.4516603 23.4466306858 62.2264228924 2.84054633792 0.0159651203688
52108.571289 23.4860887472 62.1548518184 2.82830290984 0.0172967553724
52119.6953122 23.3909847017 62.4192823513 2.86715458128 0.0134351079191
52130.8237305 23.7066491931 62.7186789051 2.85775796967 0.0179073584539
52141.9418942 24.0374898619 63.0104266418 2.84565572146 0.022757115333
52153.0703128 24.0425485877 63.4496872791 2.88982219302 0.0197349579301
52164.191406 24.5383037184 64.0796219991 2.89148418911 0.0256300842288
52175.3183595 25.1170219525 65.0411875732 2.91677147397 0.030896836942
52186.4379882 25.3770404598 65.1275099373 2.89261350591 0.0357482504185
52197.5605467 25.4680975246 64.8095376849 2.84833224252 0.0399487911458
52208.6845702 25.3578173017 64.7680155351 2.8580882025 0.0379245072468
52219.7998045 25.2404548626 64.9133430594 2.8879420655 0.0344115013188
52230.9296878 25.4701210149 65.2744764938 2.89590905922 0.0366519180722
52242.0478515 25.5186847828 65.1477246681 2.87668083378 0.0385860017604
52253.1821293 25.1888558592 64.5106874752 2.85313657238 0.036213446291
52264.2988283 24.6151963509 63.678059103 2.84065289455 0.0301122233601
52275.4213865 24.1143824944 63.1218808334 2.8472903934 0.0235745388452
52286.5395507 23.9241744035 63.0486707272 2.86387964391 0.0201125461433
52297.665039 23.9009042647 63.1284369623 2.87495192963 0.0190578143474
52308.7875973 23.9170921873 62.9415872882 2.85386402589 0.0207260283999
52319.9145507 23.9353036003 62.9426799764 2.85167334874 0.0210994661406
52331.0341795 23.8705519097 63.033373093 2.86909790639 0.0190990691929
52342.1640628 23.7683656481 63.0093339537 2.8795594443 0.017131994673
52353.2836912 23.8341290838 62.8503478275 2.85505661397 0.0196384804602
52364.4018555 23.7633069223 63.0049632011 2.87975311213 0.0170572635728
52375.525879 23.96464421 63.3600868506 2.8905254918 0.018742326013
52386.645508 24.4229647696 63.9200895288 2.88976347149 0.0243506401232
52397.772461 24.8610504259 64.5205216686 2.89576344618 0.0292511083891
52408.8891603 25.7382334835 66.0912608878 2.94608097833 0.0364172550825
52420.019043 27.2012169915 68.1296706363 2.97106646808 0.0525673737462
52431.1372073 28.2301618239 69.3687790012 2.96878473068 0.0653755072328
52442.2656247 28.4254286407 69.0349627706 2.90862533619 0.0719818347675
52453.385254 27.5047405409 67.3850036603 2.854554041 0.0644273202656
52464.5166015 26.2785054014 65.8104400326 2.84820131844 0.0498466969858
52475.631836 25.2343843916 64.4746287662 2.84365188281 0.0374296879392
52486.7587893 24.3531543532 63.4311115806 2.8486214234 0.0263761297297
52497.8798825 23.9100099711 62.9618020191 2.85681847013 0.0204340221617
52509.0083007 23.7703891384 62.8940553536 2.86756040466 0.0179941791876
52520.125 23.8270468677 62.7700352483 2.8477755011 0.0200610868924
52531.2475585 23.761283432 62.5902880472 2.83779640671 0.0199619419084
52542.3701173 23.355573621 62.3280428906 2.86235151221 0.0133426239338
52553.4868162 23.3687263081 62.0685294544 2.83434953675 0.0154564436635
52564.6152345 22.9943805972 61.8833188125 2.86274725754 0.00895481499485
52575.736328 23.0550853071 61.7620304276 2.84281110198 0.0110790030799
52586.8500973 23.0196742263 62.022636552 2.87368755749 0.00849616120165
52597.9814452 23.1947061398 62.1597689151 2.86554806562 0.0111767593974
52609.102539 23.1997648656 62.1712421407 2.86607493994 0.011201048569
52620.2265622 23.1522128429 62.1756128933 2.87251141356 0.0101776615429
52631.3549805 23.263504811 62.3067354716 2.87179672108 0.0115712050104
52642.4760743 23.2493403787 62.3750284812 2.88051944528 0.0107911947353
52653.605957 23.275645753 62.3335063314 2.8729851217 0.0116348537745
52664.722656 23.2260702399 62.4832046083 2.89444567704 0.00953797204208
52675.8393555 23.4081843695 62.4897607372 2.87214788793 0.0132943183344
52686.9648438 23.3484914048 62.4821119201 2.87889939233 0.0121017977276
52698.0844727 23.3616440919 62.6542103041 2.89474066034 0.0111547442251
52709.2158202 23.5225115731 62.6738786909 2.87644645884 0.0143759224552
52720.3310545 23.3758085243 62.4766484793 2.87489882153 0.0127110997419
52731.4609378 23.5134058666 62.5367463277 2.86364867033 0.015159316029
52742.5805662 23.4324662535 62.5209023495 2.87225047938 0.0135805628648
52753.7119143 23.3181390499 62.3050964394 2.86474171815 0.0127235685816
52764.8300783 23.1825651978 62.2122179464 2.87240201429 0.0105516897606
52775.9526365 23.0530618168 61.8838651566 2.85541166523 0.0101748932749
52787.0708007 22.833513116 61.686088601 2.86301788217 0.00699600124606
52798.2036132 22.9751574391 61.9680021444 2.87375326625 0.00795456291943
52809.3188473 23.0662145039 62.0231828961 2.86788072084 0.00946308105184
52820.4487305 23.0550853071 62.0953003141 2.87659851112 0.00872017154365
52831.5668942 23.0813906814 62.35208203 2.89935369791 0.00744895643441
52842.6850588 23.2291054754 62.3679260082 2.88234867766 0.0104191588219
52853.8105467 23.0095567747 62.0526854762 2.87800977874 0.00807235373474
52864.9287113 22.8810651388 62.0581489169 2.89474264682 0.005354477877
52876.0541995 23.0044980489 62.1712421407 2.89067667668 0.00712700162322
52887.1723632 23.0560970522 62.2832426764 2.89554824543 0.00740942388474
52898.3007815 22.9154644744 62.1073198838 2.89540079163 0.00572333016155
52909.4204103 22.7343620899 61.9171921453 2.89890990134 0.00329518005685
52920.550293 22.6938922833 61.9264799946 2.90494246021 0.00238637927348
52931.6684573 22.8527362742 62.065797734 2.89908441794 0.00470980428779
52942.7983395 22.9893218714 62.3728431049 2.91305948646 0.00538129836547
52953.916504 23.4263957825 62.9077139555 2.91237677422 0.0107058344968
52965.043457 23.7572364513 63.5004972782 2.93107164288 0.0134010648433
52976.163086 23.9848791133 63.4731800744 2.89951331654 0.0183598958144
52987.2783202 23.7703891384 63.2043787889 2.89918756159 0.0157861633305
52998.4096678 23.6762968381 63.0863684684 2.89903887852 0.0146582225232
53009.5263673 23.6965317414 63.348613625 2.92323193562 0.0132139746034
53020.65625 23.7562247061 63.2546424439 2.90610389703 0.0151319194618
53031.7802732 23.7117079189 63.1278906182 2.89879988579 0.0151032579411
53042.9028323 23.7127196641 63.2207691112 2.90814356247 0.0144631786978
53054.0312497 23.577145812 62.8569039564 2.88817925901 0.0142173146572
53065.1508793 23.2564225948 62.5361999837 2.89600688399 0.00979547604594
53076.2661132 23.3080215982 62.7072056795 2.90689457128 0.00965851177416
53087.3945315 23.2098823173 62.5930197676 2.90765125329 0.00842059142837
53098.5141603 23.1613185494 62.5077900917 2.90510588091 0.00801202650867
53109.6411135 23.1208487428 62.5148925647 2.91092750496 0.00711712623101
53120.7607423 22.9964040875 62.252101064 2.89990451347 0.00638513062902
53131.890625 22.8203604289 62.0603342932 2.90260493021 0.00407371899847
53143.0087893 22.8254191547 61.7702255888 2.87255846817 0.00623236212907
53154.1401368 22.7323385996 61.7975427926 2.88703828968 0.00409959975796
53165.253906 22.7687614255 61.9428703169 2.89718524128 0.00383014434054
53176.3823243 22.8567832548 61.9308507472 2.88488944022 0.00574960293556
53187.5004882 22.7454912867 61.9374068761 2.89955912748 0.00338397088497
53198.6303713 22.6706221445 61.9975047245 2.91507111915 0.00139889783626
53209.7485353 22.8244074096 62.036841498 2.89971254034 0.00432443340631
53220.8798825 22.857795 62.0789099918 2.89977792677 0.00472237731976
53231.9951173 22.9721222036 62.1914568715 2.89680571049 0.00630857045302
53243.1279295 22.9184997099 62.0248219283 2.88664950536 0.00637089448642
53254.2446293 22.8689241968 61.9718265529 2.88751587883 0.00571262040338
53265.3759765 22.9802161649 62.0319244013 2.8795989307 0.00760747335301
53276.4970702 22.9104057485 62.0182657994 2.88700354845 0.00624857110092
53287.621094 22.9893218714 62.1215248298 2.88754236713 0.00716274853566
53298.7495115 23.0277681876 62.2455449351 2.89528868072 0.00708575060176
53309.8706055 23.0783554459 62.2291546128 2.88725233097 0.00825717396874
53320.9960938 22.9700987133 62.2023837531 2.89816969654 0.00618893819622
53332.1171878 23.0500265813 62.2204131076 2.88993349925 0.00772816642189
53343.2338868 23.0945433685 62.2624816015 2.8885967055 0.00835866353426
53354.3637692 23.1916709043 62.3602771911 2.88629006365 0.00969203635922
53365.4907225 23.0540735619 62.431301921 2.91084382041 0.00631716464423
53376.6088865 23.2736222626 62.4012529968 2.88012264631 0.0111121187543
53387.7270507 23.2017883559 62.3646479437 2.8854589002 0.00987220756157
53398.852539 23.1279309589 62.3859553627 2.8969312444 0.00817973663884
53409.9633793 23.2078588269 62.481019232 2.89651905172 0.00917334401576
53421.0859375 23.2260702399 62.4493312755 2.89100287326 0.00977832767564
53432.2070312 23.3070098531 62.5148925647 2.88746259771 0.0110029142426
53443.3164065 23.2422581625 62.4870290168 2.89279382469 0.00984875443165
53454.4404295 23.1329896848 62.3946968679 2.89718197072 0.00822328861233
53465.5673827 23.0146155005 62.2100325701 2.8933399095 0.00706312470008
53476.6899412 22.9478403196 62.0330170894 2.88378657477 0.00692461579487
53487.8198243 22.9397463583 62.0854661208 2.89012631373 0.00638439615795
53498.9482423 22.9063587679 62.0341097776 2.8891200584 0.00605200728997
53510.0678713 22.845654058 61.9920412837 2.89249475991 0.00508447076661
53521.1933595 22.8294661354 61.958167951 2.89109726768 0.00498688213713
53532.3115235 22.8901708453 62.2215057957 2.91017417265 0.00438693702747
53543.4370115 22.9023117872 62.2581108488 2.91236227364 0.00438057592677
53554.555176 22.8972530614 62.2821499882 2.9154401439 0.00410469737345
53565.6835938 22.8132782127 62.3089208479 2.92872856339 0.00216455327502
53576.8046878 22.9832514004 62.3815846101 2.91471204999 0.00519270089589
53587.9316408 23.0014628134 62.4842972964 2.92285642117 0.00484379227499
53599.0498045 22.9033235324 62.6088637458 2.9478791001 0.00191320720421
53610.1708982 23.0601440329 62.6017612728 2.92740830663 0.00523397898798
53621.2993162 23.0773437007 62.5782684775 2.92285246111 0.00575958058592
53632.4262698 23.0338386586 62.5618781552 2.92666597981 0.00496841675006
53643.5429688 23.1006138395 62.6951861098 2.93181355214 0.00541478382883
53654.6611325 23.189647414 62.6858982606 2.91964927715 0.0073386705439
53665.7939452 23.1916709043 62.6924543895 2.92006129511 0.00733433425094
53676.9091795 23.3029628724 62.6842592283 2.90519769719 0.00971587863813
53688.0390622 23.3100450886 62.7110300881 2.90702856937 0.00967359661331
53699.1645507 23.2473168884 62.7301521307 2.91688309746 0.00822807168473
53710.2841795 23.2645165561 62.682073852 2.90982270986 0.00892867931065
53721.402344 23.3727732888 62.8498014834 2.9132431551 0.00999746228773
53732.5292967 23.4749595504 62.9984070722 2.915488701 0.011075463092
53743.6474613 23.761283432 63.1579395424 2.89560193952 0.0159263109674
53754.7802732 23.7157548996 63.2584668525 2.91160570199 0.0142581918613
53765.894043 23.9130452066 63.4961265256 2.91093762275 0.0166924993967
53777.0034178 24.0455838232 63.6594834044 2.91087111818 0.0183022168204
53788.1259762 24.3379781758 63.9091626473 2.89940732203 0.0226465116046
53799.2456055 24.3359546854 63.8610843686 2.89474416161 0.0229475252449
53810.3740235 24.2529915819 63.5442048043 2.87285129804 0.0234699873241
53821.4951173 24.1659814978 63.4442238384 2.87365093375 0.0223594826893
53832.6235353 24.1204529654 63.5267217939 2.88783610644 0.0208174388892
53843.7431643 24.1406878687 63.7163031884 2.90465002081 0.0198887906917
53854.8701173 24.2307331883 63.7086543713 2.89247423889 0.0218301964906
53865.9941408 24.2914378982 63.663307813 2.88015524209 0.0234262077166
53877.1196293 24.3217902531 63.7447130803 2.88463502001 0.023481510475
53888.2436525 24.3389899209 63.7621960908 2.88424516537 0.0237173112345
53899.3662113 24.3733892565 63.6906250168 2.87257188494 0.024949478566
53910.4931643 24.2661442691 63.6359906091 2.88056495488 0.0230909267034
53921.6157227 24.3056023305 63.67095663 2.87914397263 0.0236685612221
53932.7324217 24.2681677594 63.6671322215 2.88349171559 0.0229111311119
53943.859375 24.2681677594 63.5179802887 2.86825162396 0.0239751016751
53954.9848635 24.087065375 63.3458819047 2.87359510824 0.0214071267829
53966.1059573 23.8493052613 63.1590322306 2.88459245183 0.0177601543705
53977.2314452 23.9302448744 63.0918319092 2.86751159549 0.0199324849818
53988.354004 23.8644814387 63.0770806191 2.87431970987 0.0186610324416
53999.4824217 23.8826928517 63.0530414798 2.86956803386 0.0192132174171
54010.6020507 23.810858945 63.1109539519 2.88454837658 0.0172979136252
54021.7304688 23.8928103034 63.0847294362 2.87151918167 0.0191994802804
54032.8500973 23.65707368 62.9426799764 2.88682437551 0.0152784570505
54043.9814452 23.6307683057 62.9776459973 2.89370786225 0.0144797540178
54055.0966795 23.6317800509 62.9874801906 2.89458207834 0.0144309570966
54066.2309573 23.6429092477 62.9601629868 2.89039383326 0.0148579490129
54077.3461912 23.491147473 62.9503287935 2.90854783985 0.0117556851161
54088.4746095 23.6338035412 63.0863684684 2.90440438743 0.0137696943915
54099.589844 23.6277330702 63.3431501843 2.93136159917 0.0118142926756
54110.713867 23.7754478643 63.38412599 2.91688893345 0.0146115732543
54121.836426 23.7714008836 63.3977845919 2.91879445979 0.0144295711987
54132.9619143 23.7198018802 63.326759862 2.91806276504 0.0138563579248
54144.0844727 23.6661793865 63.176515241 2.90950748824 0.0138049930682
54155.211426 23.5801810475 63.1186027689 2.91445989524 0.0124192593023
54166.3325192 23.5113823763 63.0158900826 2.91267410819 0.0117121984386
54177.4624022 23.5336407699 63.119149113 2.920389814 0.0114426001877
54188.5805662 23.601427696 63.1240662097 2.91233483084 0.0128245232498
54199.70166 23.5639931249 63.1224271775 2.91689312719 0.0120536633504
54210.8242188 23.6236860896 63.240983842 2.921448153 0.0124574481829
54221.9423825 23.7117079189 63.2874230885 2.91507106105 0.0139673033853
54233.069336 23.6995669769 63.3103695397 2.91894575348 0.0135499261264
54244.1904295 23.6601089155 63.3688283559 2.92989459653 0.0123082665942
54255.3203122 23.6095216573 63.3447892165 2.93382804731 0.0114218717428
54266.4384765 23.7289075867 63.3294915824 2.91719147075 0.0140273469308
54277.5668942 23.6196391089 63.2065641652 2.91844825764 0.0126179423827
54288.6938478 23.6307683057 63.2502716913 2.92150146441 0.0125393736535
54299.8134765 23.571075341 63.1858030903 2.92246144651 0.0117505441805
54310.9287113 23.7015904672 63.3109158838 2.91874595709 0.0135883525011
54322.0600585 23.8027649837 63.413082226 2.91639383017 0.0149767050418
54333.176758 23.7471189997 63.5054143749 2.9328518463 0.0131543677291
54344.3022465 23.761283432 63.5977465238 2.9404951549 0.0127921395443
54355.4248045 23.8917985582 63.6430930821 2.9286381831 0.0151995305515
54366.550293 23.8816811065 63.5567707181 2.92109628263 0.0156035805492
54377.6684573 23.9626207197 63.5190729768 2.90701450899 0.0175666596337
54388.7968747 23.8219881418 63.5966538357 2.93271432808 0.0140699496042
54399.916504 23.9656559552 63.7288691021 2.92807058171 0.0161334078326
54411.0463868 24.0041022715 63.9599726464 2.9468515986 0.015287835813
54422.1645507 24.1862164011 63.8862161961 2.91626817868 0.0196294472462
54433.2856448 24.0860536298 63.7791327571 2.91798564662 0.0182957915052
54444.4096678 23.9039395002 63.6299808243 2.92576363328 0.0155471962346
54455.5263673 23.8240116322 63.6168685665 2.93452430246 0.0139680779161
54466.6518555 23.8766223807 63.6174149106 2.92793196369 0.0150651168703
54477.7729493 23.9636324649 63.8408696377 2.9397808266 0.01529136619
54488.8984375 24.044572078 63.8791137231 2.93345927211 0.0167129935267
54500.0195312 24.160922772 63.9561482378 2.92662517461 0.0185998358842
54511.1479495 24.1973455979 63.9583336141 2.92224025229 0.0193474046472
54522.2690432 24.3723775114 63.9965776995 2.9039988457 0.022743167494
54533.3959965 24.1862164011 63.9255529696 2.92029350085 0.0193484237193
54544.515625 24.2560268174 63.9452213563 2.91347180481 0.0206709081686
54555.645508 24.3106610563 64.0118753336 2.91337905654 0.0213398183963
54566.7651368 24.376424492 64.2418861897 2.92861409888 0.0210737672094
54577.8935545 24.4978339118 64.4702580136 2.93665538828 0.0219853537217
54589.0131835 24.5372919732 64.3992332837 2.92436982335 0.0233219293705
54600.1386717 24.4705167923 64.1839737176 2.91076215 0.0234615794683
54611.256836 24.3369664306 63.8239329714 2.89081551078 0.0232340696795
54622.3823245 24.1599110268 63.75673265 2.90635180511 0.0200029380024
54633.5004882 24.1123590041 63.6764200708 2.90415655275 0.0195799712176
54644.6289062 23.9656559552 63.6540199637 2.92041904986 0.0166675912781
54655.7485353 23.9666677004 63.6217856632 2.91699678983 0.0169187645068
54666.8784178 23.9353036003 63.6966348016 2.92861207564 0.0157280718857
54677.9965823 23.9484562874 63.642000394 2.92136495199 0.0163932804833
54689.1264645 23.994996565 63.65620534 2.91693286278 0.0172662989231
54700.2446293 23.8675166742 63.6103124376 2.92835691633 0.0149252240057
54711.371582 23.9160804421 63.6223320072 2.92344740878 0.0158558901364
54722.4912113 24.0121962328 63.8299427562 2.93252292215 0.0163862079692
54733.6064452 24.0911123556 63.8343135088 2.92298977823 0.0180077224831
54744.7377932 24.1113472589 63.8987821098 2.92702606423 0.0179711019922
54755.8544923 23.9504797777 63.7075616831 2.92781069624 0.0159677798424
54766.984375 24.0152314683 63.9053382387 2.93985292985 0.0159112338474
54778.1098635 24.216568756 63.9878361942 2.92282761476 0.0195394066818
54789.2280275 24.3126845467 64.3631745746 2.94911921706 0.0188691950309
54800.3461912 24.3895771792 64.3904917784 2.94218487416 0.0202858766236
54811.479004 24.394635905 64.5199753245 2.9548287884 0.0194645185564
54822.5927735 24.4796224988 64.4626091965 2.93817775295 0.0216580789537
54833.7255857 24.6678070994 64.645634462 2.93311568916 0.024295845007
54844.8422853 24.7527936932 64.8838404793 2.94681448392 0.0243716887353
54855.9604495 24.8822970743 65.0564852074 2.94814265321 0.0258525293931
54867.084473 25.0087652199 65.2673740208 2.95380075463 0.0269949856502
54878.2041015 25.2222434496 65.455316383 2.94605353465 0.0301328629673
54889.3310548 25.3557938113 65.7153761633 2.95590526817 0.0310708742779
54900.447754 25.4144750309 65.6891516477 2.94573791432 0.0324953382817
54911.5776365 25.3153240047 65.7328591738 2.96285418451 0.0300929849551
54922.6958007 25.3011595724 65.6858735832 2.95980511911 0.0301334056365
54933.8256835 25.3254414564 65.6569173472 2.95373073639 0.030853110724
54944.9438473 25.2273021754 65.5449168115 2.95464923565 0.029594330861
54956.0708007 25.113986717 65.1428075714 2.9276143866 0.0301029263284
54967.1904295 24.7993339708 64.9062405864 2.9432146521 0.0251884135192
54978.3056643 24.6060906444 64.5063167226 2.92663729372 0.0239987652535
54989.4370118 24.5878792314 64.3566184457 2.91358866833 0.024688653017
55000.5537113 24.3723775114 64.2631936087 2.93131052888 0.0208364317832
55011.683594 24.2398388948 63.8938650131 2.91026501399 0.0206985374284
55022.807617 24.0546895297 63.4737264185 2.89074155033 0.0198178442673
55033.930176 23.7663421578 63.3010816904 2.90956389578 0.0150127819435
55045.0600585 23.5326290248 63.0956563177 2.91812253681 0.0115886569369
55056.1782227 23.4891239827 62.9923972873 2.91308908441 0.011414185675
55067.2934573 23.3839024856 62.8126500862 2.90805698196 0.0104939850957
55078.4218747 23.3262330112 62.8366892256 2.91777747532 0.00911869857279
55089.541504 23.3505148951 62.8738406228 2.91849821607 0.00936169224539
55100.668457 23.3009393821 63.1317150268 2.95102576662 0.00649200230323
55111.788086 23.5043001602 63.3753844848 2.95023163366 0.00900455355641
55122.9179688 23.5639931249 63.4933948052 2.95474708309 0.00941093023698
55134.0361325 23.6469562284 63.5666049115 2.95175190354 0.0106232462851
55145.1645507 23.6520149542 63.462799537 2.94051040875 0.0114692412108
55156.28125 23.6773085833 63.5862732982 2.94992881866 0.0111176339734
55167.3876952 23.7521777255 63.6474638347 2.94672612307 0.012246956508
55178.517578 23.7754478643 63.4923021171 2.92793413416 0.0138404644771
55189.6430665 23.6864142898 63.5207120091 2.94208123893 0.0117756462203
55200.7612305 23.6874260349 63.4436774943 2.93408631775 0.0123460412597
55211.8896482 23.6550501897 63.2803206155 2.92150121639 0.0128330573216
55223.0166015 23.6560619348 63.4005163123 2.93364024885 0.0119978205726
55234.1376952 23.8644814387 63.3704673881 2.90424534731 0.0165718063329
55245.2631835 23.7177783899 63.4638922251 2.93231724086 0.012836717489
55256.3828122 23.8594227129 63.5245364176 2.92061635743 0.0153676481262
55267.5112305 23.9798203875 63.5786244811 2.91092363889 0.0175020333401
55278.6337893 23.9059629905 63.8944113572 2.95254861238 0.0137017295057
55289.7607423 24.1416996138 64.0380998493 2.93744693381 0.0176113699496
55300.881836 24.4462349084 64.2468032864 2.92027673513 0.0225027079279
55312.0087893 24.3976711405 64.2200324267 2.92368378366 0.021675691976
55323.1298825 24.3956476501 64.115134364 2.91319254159 0.0223835810139
55334.256836 24.2833439369 64.0315437203 2.91885089834 0.0206265720848
55345.3764647 24.3501191177 63.9785483449 2.90497160731 0.0224052904374
55356.5034178 24.3197667628 64.2194860826 2.93349214311 0.0200460648158
55367.6201173 24.6688188446 64.3178280163 2.89935143852 0.0266653459163
55378.75 24.7598759094 64.5582194098 2.9124665891 0.0268556833041
55389.8681643 24.7335705351 64.616678226 2.92180399204 0.0258842624764
55400.9980467 24.8266510903 64.3221987689 2.87978362813 0.0299486999632
55412.1162113 24.616208096 64.0195241507 2.87545726047 0.0276946776639
55423.246094 24.3794597275 63.7321471666 2.87604822549 0.0247804128029
55434.3686525 24.2529915819 63.67095663 2.88580350374 0.0225657430497
55445.4912113 24.290426153 63.5119705038 2.86482028539 0.0244845334955
55456.6079103 24.2540033271 63.4332969569 2.8613964215 0.024281963036
55467.7392577 24.3045905853 63.5409267399 2.86598498002 0.0245749737219
55478.857422 24.4351057116 63.6753273826 2.86319209795 0.0263529852056
55489.972656 24.6556661574 64.0910952247 2.87778453654 0.0280112997201
55501.1025393 24.9986477682 64.7090103749 2.89765385495 0.0307917946818
55512.223633 25.4256042277 65.2711984293 2.90123277534 0.0357379708938
55523.347656 25.8242318225 65.7683715387 2.90176908728 0.0405598234838
55534.4746095 26.1864365914 65.9076892782 2.86999118494 0.0472003990866
55545.5971678 26.1156144299 65.7612690657 2.86390218871 0.0467603464979
55556.7109378 26.0134281683 65.835025516 2.88454534663 0.0440713130913
55567.8393555 26.3442688371 66.5643948578 2.91780282908 0.0457914128893
55578.9575192 26.7348024706 66.9577625927 2.90872380537 0.051203387259
55590.0859375 26.7459316675 66.8364742078 2.89471155701 0.0523179116459
55601.2055662 26.6184517767 66.4567650748 2.87163814125 0.0523681614638
55612.3369143 26.2936815789 66.1311440054 2.87940610752 0.047853657975
55623.4521482 25.9901580295 65.5039410058 2.85334643151 0.0459653385338
55634.583496 25.5955774153 65.0559388633 2.85745201442 0.0408655123099
55645.7016603 25.4923794085 65.1242318728 2.87760886249 0.0382007016488
55656.8300785 25.4630387988 65.0745145619 2.87622420148 0.0379399172769
55667.9453122 25.4195337567 64.810084029 2.85456430022 0.0389221406908
55679.069336 25.1230924235 64.4751751103 2.85784606963 0.0350845005713
55690.1918942 24.9126494292 64.1249685574 2.84865929745 0.0331667746984
55701.3173827 24.5322332474 63.6157758783 2.84480116584 0.0288155313153
55712.4399412 24.2752499756 63.355169754 2.85073171897 0.0252841021876
55723.5683595 23.9595854842 62.9006114825 2.84431886887 0.0219069333772
55734.6879882 23.7916357869 62.7492741734 2.85013648338 0.019467710612
55745.8178713 23.7936592772 62.609956434 2.83570671559 0.0204995960565
55756.9360353 23.7461072545 62.7115764321 2.85205157552 0.0187831103636
55768.057129 23.7015904672 62.5219950377 2.83839188889 0.019198185126
55779.1796878 23.6206508541 62.6214296596 2.85872345706 0.0167997999246
55790.2978515 23.6762968381 62.7492741734 2.86470457635 0.0170552348059
55801.4277345 23.6671911317 62.5678879401 2.84740207127 0.0181530530388
55812.5458982 23.5660166152 62.3313209551 2.83613292371 0.0177163144942
55823.6757812 23.3080215982 61.9292117149 2.82787602454 0.0151751064083
55834.7924802 23.3100450886 61.9313970913 2.82784243339 0.0152018913097
55845.9194335 23.3454561693 61.9925876278 2.82958154167 0.0155082051139
55857.0375973 23.4243722922 62.173427517 2.83797480271 0.0158756768486
55868.1704103 23.3859259759 62.1925495597 2.84476542958 0.0149370637105
55879.2841795 23.5902984991 62.1816226782 2.8178678661 0.0192850606076
55890.4096678 23.5245350634 62.0280999927 2.81059118485 0.0189979979887
55901.5336912 23.3879494662 61.8521772002 2.80998757213 0.0173894896567
55912.6577145 23.3535501306 61.9013481671 2.819309992 0.0163230770677
55923.7802735 23.3282565015 61.8303234371 2.81530129094 0.0162974044223
55934.9086912 23.3565853661 61.8456210713 2.81327896159 0.0167807933079
55946.0268555 23.4284192728 61.8685675225 2.80654371554 0.0181189066257
55957.1552732 23.491147473 61.8226746201 2.79397846226 0.0197542226711
55968.2734378 23.3474796596 61.9122750486 2.82118323702 0.0161189671003
55979.3901368 23.411219605 61.8472601035 2.80655397882 0.017910360677
55990.5185545 23.4678773342 61.9532508543 2.81015015956 0.0183439654172
56001.6396482 23.5346525151 61.9215628979 2.79851109075 0.0199636626408
56012.7666015 23.4071726244 61.7516498902 2.7973772398 0.0185021258364
56023.88916 23.3889612114 61.6210736559 2.78645139831 0.0190448659916
56035.016113 23.337362208 61.5877466673 2.78958549726 0.0182027141787
56046.1298825 23.2928454208 61.5265561308 2.78900611745 0.0177054750263
56057.2597658 23.1663772752 61.3517260264 2.78726397384 0.0163000964274
56068.3808595 23.0662145039 61.3959798965 2.80435911413 0.0138977735282
56079.5034178 23.1208487428 61.4047214018 2.79835999971 0.0149759052279
56090.6142577 23.1734594913 61.5861076351 2.81008231584 0.0147925504896
56101.7250973 23.1947061398 61.6828105366 2.81719495924 0.0145524793802
56112.8520507 23.1350131751 61.8112013945 2.8377229543 0.0123987785361
56123.9716795 23.4263957825 61.714498493 2.79118926673 0.0191664096553
56135.0971678 23.3758085243 61.8062842978 2.80686838808 0.0174605710956
56146.2211912 23.3747967791 61.7893476314 2.80527998407 0.0175592407088
56157.3452145 23.4496659213 61.8893285974 2.80596756062 0.0184158803264
56168.4677735 23.3717615436 61.9259336505 2.81950549474 0.0165294330148
56179.5961912 23.4476424309 61.8609187054 2.80334333665 0.018574634373
56190.7143555 23.3120685789 61.836333222 2.81795158671 0.015916850073
56201.8427732 23.3707497984 61.8352405338 2.81044056767 0.0171500682192
56212.9609378 23.4688890794 61.8778553718 2.80237926626 0.0188987095716
56224.0791015 23.325221266 61.9341288116 2.82620569741 0.0154994628098
56235.2060545 23.4648420987 62.0199048316 2.81729243814 0.0178086523804
56246.3271482 23.5690518507 62.1750665493 2.81988436834 0.0188873871697
56257.4541015 23.7390250383 62.3329599873 2.81445433856 0.0213222343023
56268.57666 23.7805065901 62.5137998765 2.8275908273 0.0209070375887
56279.7021482 23.9909495843 62.6809811639 2.81799677947 0.0241244023261
56290.8173825 23.9626207197 62.6760640672 2.82107810382 0.0235662170952
56301.9472658 24.0465955684 62.782054818 2.82124604874 0.0245715501328
56313.0683595 24.0536777845 62.8508941716 2.82735858847 0.0242306012753
56324.1909178 24.0152314683 62.9017041707 2.83739460061 0.0230642516214
56335.3120118 24.1093237686 62.9170018048 2.82705263164 0.0249261216515
56346.4389645 24.160922772 63.1426419083 2.84351932121 0.0244017814252
56357.558594 24.1730637139 62.9011578266 2.81737508892 0.0263741524103
56368.6884765 24.1437231042 63.0033241688 2.83149497523 0.0250328125848
56379.805176 24.2145452657 63.3289452383 2.85573833083 0.0241986446863
56390.9350585 24.326848979 63.4983119019 2.85881426512 0.0253455052328
56402.0532227 24.3632718049 63.527814482 2.85721600435 0.0258988180958
56413.1728518 24.486704715 63.6518345874 2.85425464647 0.0276030197665
56424.296875 24.6718540801 64.0998367299 2.87662762583 0.0282886431716
56435.425293 25.0482232813 64.5139655397 2.87133413585 0.0332321535185
56446.5434573 25.2333726464 64.5707853236 2.85364891116 0.0367194422385
56457.6718747 25.2455135884 64.666941881 2.86197917107 0.036285644771
56468.7929688 25.206055527 64.4915654325 2.84898914617 0.0367123009832
56479.9213868 25.120057188 64.2642862968 2.83660390977 0.0365305738004
56491.0395507 24.8822970743 64.029358344 2.84271911668 0.0332125599169
56502.1621095 24.7042299253 63.7895132946 2.8407616157 0.0311857780424
56513.2861325 24.7436879868 63.8933186691 2.84637724371 0.03127299565
56524.4116213 24.7720168514 64.0872708161 2.86263949708 0.0304817993717
56535.5341795 24.7710051062 64.014607054 2.85532704628 0.0309800190191
56546.6596678 24.7183943576 63.6660395333 2.82634117119 0.0323645615712
56557.7822265 24.5099748537 63.2278715842 2.80801790232 0.0311133783548
56568.9077145 24.2701912497 63.1890811548 2.83442703727 0.0263610619711
56580.0302735 24.1477700848 63.018621803 2.83254178006 0.0250087734183
56591.1557615 24.1336056525 63.0694318021 2.83951200385 0.0243505098736
56602.2783202 24.1680049881 63.068885458 2.83510423595 0.0250751020971
56613.4067382 24.3369664306 63.4928484612 2.8569753281 0.0255965855434
56624.5234378 24.6647718639 63.7884206064 2.84565258685 0.030365129002
56635.6518555 24.8812853291 64.2418861897 2.86461907646 0.0316713412071
56646.7685545 25.1706444462 64.5899073663 2.86358143287 0.0352626465498
56657.895508 25.3740052243 64.8150011257 2.86085845879 0.0379282320156
56669.0180662 25.5551076088 64.7494398365 2.83108874908 0.0422128038879
56680.1479493 25.5298139796 64.8619867162 2.84587276657 0.0408724446316
56691.2646482 25.6228945348 64.9991190794 2.84813039392 0.0418492675569
56702.395996 25.6633643414 65.1138513354 2.85478446885 0.0418780857777
56713.5126952 25.9557586939 65.6782247662 2.87570804873 0.0439842710841
56724.6411135 26.4413963729 66.1874174452 2.86637183157 0.0505696556362
56735.7578122 27.0059501748 66.9315380771 2.87132094209 0.0571365050348
56746.8789065 27.616032509 67.941728274 2.89828046426 0.0627418616593
56758.0014645 28.3222306339 68.5924240689 2.87554364012 0.0730194033732
56769.121094 28.7370461513 68.9114890094 2.85554727691 0.0795315756899
56780.2509765 28.7421048772 68.7388442813 2.83680775031 0.0809023006879
56791.3691408 28.8179857645 68.8765229885 2.84145036554 0.0815150126277
56802.4990235 29.3663516437 69.9522744746 2.88370753781 0.0853436253519
56813.6186522 30.198006169 70.9788549939 2.88449021856 0.0955985718328
56824.7441408 30.9709794747 72.1731631446 2.91094016278 0.103365559866
56835.859375 31.9635014812 73.5794527968 2.93188483339 0.114292142555
56846.987793 33.265617508 75.3201050238 2.94887236093 0.129436244352
56858.1059573 34.286468379 76.3778271554 2.92928856289 0.143667693733
56869.2387698 34.6142738124 76.5837988721 2.90845238184 0.149264741442
56880.3554688 34.3319969115 76.0554841504 2.88826064501 0.147107008794
56891.4721678 33.972827378 75.3130025508 2.85512502155 0.144887212288
56902.5976562 33.7097736352 75.3162806152 2.89009588037 0.139130002811
56913.7172853 34.224751924 76.3827442521 2.93795875221 0.14228312925
56924.8471678 34.9764785813 77.3164462784 2.94050147616 0.151610922168
56935.9638673 35.1424047883 77.1743968185 2.9030409606 0.156328269681
56947.0952147 34.4068660536 75.9265469484 2.86439258461 0.149719115637
56958.2119143 33.419402773 74.5448427796 2.84497857056 0.138623923477
56969.3403317 32.8336023227 74.0815430029 2.871974581 0.129377082576
56980.4541015 32.6484529576 73.8640980606 2.87286488775 0.126991730584
56991.5737302 32.3459411534 73.5253647333 2.87610771158 0.122973324644
57002.7021482 31.8936910648 72.8719372181 2.8652601575 0.118070437438
57013.8188473 31.3453251856 71.7180585291 2.81380796067 0.114813459357
57024.9472658 30.3426857275 70.1975829649 2.78317156713 0.104469112967
57036.0668942 29.2580949111 68.7749029903 2.77401775713 0.0916620618482
57047.1821293 28.6419421059 68.4684039635 2.82141027911 0.0807410828431
57058.3105467 29.2064959077 69.7086050166 2.87870049775 0.0837155332054
57069.4287113 30.4064256729 71.9518937937 2.96072339919 0.0928655845161
57080.5541995 31.9078554971 73.4461448422 2.9248593443 0.114086701769
57091.676758 32.7263573353 74.2033777319 2.8991273687 0.126135547411
57102.8037113 32.6191123478 73.4494229067 2.83222113633 0.129461236213
57113.9204103 31.4454879569 71.4350522976 2.77070895355 0.119072247249
57125.0502932 29.854012813 69.4556477093 2.76838652064 0.0994356838014
57136.1684573 28.5488615507 67.884362146 2.77240152573 0.0830142566989
57147.288086 27.1991935012 66.4988335687 2.80170680405 0.0643662129862
57158.4150393 26.1318023526 64.9286406935 2.77605117544 0.0530912969886
57169.5390625 25.249560569 63.9687141516 2.78987587686 0.0413687169836
57180.660156 24.6232903122 63.441492118 2.81545868916 0.0319693996769
57191.7885745 24.2863791724 63.0355584693 2.81672677438 0.0277930598507
57202.9111325 24.1214647105 62.8208452474 2.81572517442 0.0258640452366
57214.0395507 24.216568756 62.8547185801 2.80714090154 0.0276159498191
57225.15625 24.2610855433 63.1246125538 2.82900582286 0.0266291401454
57236.2744143 24.6475721961 63.5245364176 2.82086162982 0.0318870283442
57247.4013673 24.8165336386 63.8588989923 2.83361626014 0.0330488881993
57258.5268555 25.021917907 64.0299046881 2.82505418805 0.0361432298959
57269.6508793 25.1453508171 64.1233295252 2.81894754574 0.0380709579755
57280.777832 25.1929028398 64.1058465147 2.81111614107 0.0391963047097
57291.8974613 25.0411410651 63.9736312483 2.81685252401 0.0369495960428
57303.0302732 24.8398037774 63.7316008225 2.81764466729 0.0344466897448
57314.145508 24.7973104805 63.4649849133 2.79579199717 0.0354559821346
57325.2680665 24.696135964 63.5622341588 2.81855573864 0.0326377556305
57336.3876952 24.6425134703 63.649649211 2.83428638677 0.0308883683203
57347.5087893 24.6910772382 63.6545663077 2.8286321851 0.0318728423899
57358.6357423 24.6425134703 63.5442048043 2.82351203384 0.0316405681516
57369.7524412 24.5211040506 63.3639112592 2.82048868037 0.0303778098554
57380.8823245 24.5524681507 63.2202227671 2.80185346154 0.0320594787327
57392.0004882 24.4786107536 63.0344657812 2.79227250771 0.0318320194275
57403.1303713 24.5089631086 62.9645337394 2.78130160849 0.0329662692228
57414.2485353 24.4816459891 63.0989343822 2.79845896698 0.0314369492684
57425.375488 24.4330822212 62.9820167499 2.79269521734 0.0312500995311
57436.4951173 24.4057651018 62.9503287935 2.79292671215 0.0309025407631
57447.6103515 24.4249882599 62.9967680399 2.7952233518 0.0309754050228
57458.7416993 24.5635973475 62.9426799764 2.77215259304 0.0342681011527
57469.8583982 24.4523053794 62.903889547 2.78230185712 0.0322089278426
57480.9882812 24.5818087604 63.1115002959 2.7870484963 0.0334492262644
57492.1137695 24.8772383485 63.4043407208 2.77946019065 0.0375674309567
57503.2319335 24.9905538069 63.6261564158 2.78773556215 0.038367204368
57514.3515622 25.0512585168 63.5371023313 2.77092979339 0.0402786890781
57525.4829103 24.8782500936 63.047578039 2.74294141798 0.0401292461264
57536.5966795 24.486704715 62.7044739591 2.75764389528 0.0343477951847
57547.7236327 24.4644463213 62.7514595497 2.76524497516 0.0335470461836
57558.8461912 24.4968221666 62.8388746019 2.77004191854 0.0336050156677
57569.9731445 24.6870302575 63.1289833064 2.77549297237 0.0355335505219
57581.0927735 24.7871930288 63.4972192138 2.80036721162 0.0350136460922
57592.222656 25.0613759684 63.5392877076 2.76986837847 0.0404758427066
57603.3408202 25.0785756362 63.5250827617 2.76623332123 0.0409388202807
57614.469238 25.0553054975 63.5431121162 2.77102985487 0.0403209236325
57625.5859378 25.0472115361 63.5857269541 2.7764112917 0.0398467847406
57636.717285 24.9237786261 63.2863304003 2.7615104219 0.039386262112
57647.8310545 24.6678070994 62.9377628797 2.75844301974 0.0364904290717
57658.958008 24.4462349084 62.55313665 2.74737711905 0.0345735081856
57670.0922853 24.4199295341 62.5301901988 2.7483758774 0.034184640336
57681.2163085 24.3673187855 62.5148925647 2.75348321716 0.03318989607
57692.3388673 24.4320704761 62.4056237494 2.73417743277 0.0353231809469
57703.4716798 24.4037416115 62.3138379446 2.72844109487 0.0353799880917
57714.5869143 24.1164059847 62.0723538629 2.74029719875 0.0310686715869
57725.7050783 24.0213019393 61.7079423641 2.71538757128 0.0316555670686
57736.8320312 23.8199646515 61.3550040908 2.7051217861 0.0299345879838
57747.9589845 23.6348152864 61.2238815125 2.71525309949 0.0269873232757
57759.0786132 23.5579226539 61.2626719419 2.72887989232 0.0251062119187
57770.2070315 23.4537129019 61.2905354898 2.7448466077 0.0227318809775
57781.3266603 23.5478052022 61.5063413999 2.75479761363 0.0231744769384
57792.4594728 23.5478052022 61.7243326864 2.77686549408 0.021633831661
57803.576172 23.65707368 61.9084506401 2.78172769431 0.022615668522
57814.6972655 23.829070358 61.9603533273 2.76526467229 0.025845981648
57825.8198245 23.8098471999 61.9204702097 2.76364988011 0.0257260675459
57836.9365235 23.5467934571 61.4161946274 2.74580606967 0.0237899804332
57848.066406 23.4840652569 61.3320576396 2.74521436759 0.0230730354972
57859.1845702 23.3869377211 61.2550231249 2.7496810006 0.02158750423
57870.3159178 23.5862515185 61.2697744149 2.72602189606 0.0256482541994
57881.4326173 23.7005787221 61.3937945202 2.7241250601 0.0271633616359
57892.5625 23.7865770611 61.6270834408 2.73686738682 0.027314254396
57903.6865232 23.9656559552 61.822128276 2.73399076396 0.0296828810308
57914.8090823 24.087065375 61.7893476314 2.71531664735 0.0324571668572
57925.9374997 23.9697029359 61.678986128 2.71897926424 0.0307799003347
57937.0571293 23.8199646515 61.348994306 2.7045141473 0.0299770096311
57948.1899415 23.6074981669 61.1222615143 2.70843585651 0.0271329156502
57959.306641 23.491147473 60.8818701208 2.69885509617 0.0263951579028
57970.4248045 23.4830535117 60.8660261426 2.69827803088 0.0263376168781
57981.5488283 23.4749595504 60.9430606573 2.70707188701 0.025625858223
57992.6669923 23.5417347312 60.8326991539 2.68751098112 0.0277986326627
58003.7910158 23.4688890794 60.7054009842 2.683867606 0.0271724733402
58014.9135743 23.3930081921 60.5715466855 2.67995155906 0.0265289328739
58026.0302735 23.4425837051 60.6578690495 2.68239562355 0.0269573361024
58037.1572265 23.3677145629 60.7321718439 2.69932938709 0.0248705070625
58048.2783202 23.3626558371 60.6272737813 2.68939456646 0.0255029828048
58059.4052735 23.2361876915 60.1716228217 2.65947492847 0.0260643625737
58070.5292967 23.0894846427 59.8722262679 2.64787811264 0.0251031256722
58081.6547853 22.9974158327 59.9039142243 2.66265733641 0.022960491239
58092.781738 22.9822396552 59.9487144386 2.66906822382 0.0223298556572
58103.9028323 22.8972530614 59.8454554081 2.6693990037 0.0212817942682
58115.0180662 22.9013000421 59.9399729333 2.67838129328 0.0207035055974
58126.1450195 22.8284543902 59.7580403559 2.6692839556 0.0204603426873
58137.2617188 22.7728084062 59.7088693891 2.67135217966 0.0196452113796
58148.3901365 22.913440984 59.6624301426 2.64899290592 0.0229016294366
58159.5112302 22.9164762195 59.7995625057 2.66237173059 0.022004203636
58170.6411132 22.8719594323 59.7738843342 2.66539837832 0.0212561101531
58181.7563473 22.9336758873 59.7553086356 2.65576451674 0.0226729011566
58192.8862305 22.863865471 59.6444007881 2.65342510199 0.0219944232752
58204.005859 22.8628537258 59.6323812184 2.65234683033 0.0220575033362
58215.1240235 22.7353738351 59.4651999311 2.65162666102 0.0205711849383
58226.2480467 22.7970902901 59.5466051984 2.65202165607 0.0212874196151
58237.3662113 22.8021490159 59.5209270269 2.6488106726 0.0215725671257
58248.496094 22.7758436417 59.5039903605 2.65042294766 0.021142945177
58259.614258 22.7910198191 59.5296685321 2.65108750319 0.0212794667085
58270.7456055 22.869935942 59.4783121889 2.6360074486 0.0232836088621
58281.859375 22.8365483515 59.5897663805 2.65138380595 0.0218075968991
58292.9863283 22.7991137804 59.3510140191 2.6321655073 0.0226980455484
58304.1059573 22.8375600967 59.2269939138 2.61490738843 0.0243663556964
58315.2373045 22.6635399284 59.1248275716 2.62657587834 0.0214545601456
58326.3657227 22.7384090706 59.1106226256 2.61573667543 0.0231133821923
58337.4897465 22.7262681286 59.0893152066 2.61513216236 0.023009281815
58348.6123045 22.7728084062 58.9357925212 2.59392220892 0.0250509012934
58359.737793 22.7333503447 58.7232646755 2.57764875141 0.0257114887639
58370.8618162 22.6352110638 58.5648248934 2.57417355969 0.0247717080682
58381.9843747 22.5694476281 58.5140148943 2.57737207999 0.023756335591
58393.1054688 22.6908570478 58.5812152157 2.56881083499 0.0258164760703
58404.230957 22.5714711184 58.7030499447 2.59598869526 0.0224810050196
58415.350586 22.7879845836 58.7850015561 2.57694189352 0.0264192782649
58426.46875 22.7495382674 58.7259963959 2.57588499076 0.0260297025854
58437.5986325 22.7940550546 58.7762600509 2.5753046732 0.0266067479388
58448.7197265 22.7809023675 58.8325334908 2.58258247536 0.0259401256291
58459.8466795 22.8011372708 58.8893532747 2.58571504226 0.0259653251915
58470.9677735 22.851724529 59.0253929497 2.59295098199 0.0260699822389
58482.0961912 23.0004510682 59.1723595062 2.58893061647 0.0281442572909
58493.2216798 23.023721207 59.2062328389 2.58939044902 0.0283928811408
58504.3427735 22.8537480193 58.834172523 2.57357877008 0.0274468279209
58515.458008 22.7050214801 58.5861323124 2.567519917 0.0260772646465
58526.5893555 22.6635399284 58.5183856469 2.56597627967 0.0256852557817
58537.703125 22.7171624221 58.5675566138 2.56413853713 0.0264596235347
58548.831543 22.6817513414 58.5500736034 2.56684798357 0.0258438025674
58559.9526368 22.618011396 58.5784834953 2.5776997546 0.0243183535747
58571.0795895 22.6908570478 58.5599077967 2.56668412759 0.0259649498544
58582.197754 22.8466658032 58.511283174 2.54222716847 0.0295502224476
58593.3261717 22.7525735029 58.4681219919 2.54976134904 0.0278900751246
58604.444336 22.6200348863 58.3659556497 2.55624237793 0.0258407502217
58615.5742188 22.6989510092 58.411302208 2.550839401 0.0271686537717
58626.6923825 22.8041725063 58.5014489806 2.54659377972 0.0287331200881
58637.8134768 22.7728084062 58.4462682289 2.5450352751 0.0284638898635
58648.9345702 22.6503872413 58.3380921018 2.54964706339 0.0266668139062
58660.0541993 22.7748318965 58.16763275 2.51700365893 0.0304452748929
58671.1796875 22.5583184313 58.0556322144 2.53308001338 0.0267145160285
58682.2993162 22.5704593732 58.2861894145 2.55452333694 0.0253636800991
58693.4262695 22.771796661 58.3260725321 2.53317596554 0.0292796408594
58704.5473632 22.9265936712 58.5719273664 2.53821775337 0.0307938909151
58715.6728515 22.9630164971 58.4495462933 2.52142012515 0.0324058801676
58726.7954103 22.913440984 58.0053685593 2.48339849352 0.0344624247771
58737.926758 22.8173251934 57.8698752284 2.48201250051 0.0334003374671
58749.0419923 22.5987882379 57.6841182425 2.49103020717 0.0301375604975
58760.161621 22.5461774893 57.4207803978 2.47148373173 0.030868594453
58771.2783202 22.4743435826 57.5098344822 2.48935636857 0.0287559651946
58782.3935545 22.4035214211 57.5262248045 2.49988389745 0.0271685485316
58793.5234378 22.6291405928 57.7813674881 2.49688262359 0.0300945685249
58804.647461 22.8932060807 58.2916528553 2.51446457848 0.0320495746906
58815.7700192 23.16536553 58.733645213 2.52428878712 0.034647212573
58826.899902 23.4435954503 59.0188368208 2.51771171833 0.0384667917556
58838.0180662 23.3960434275 58.9336071449 2.51518758881 0.0380684238895
58849.1333007 23.1137665266 58.6571570423 2.52315199461 0.034103781177
58860.2646482 23.1107312911 58.5888640328 2.51671640044 0.034516444193
58871.3930662 23.0227094618 58.5566297323 2.52458738612 0.032904831059
58882.5170895 22.9923571069 58.5719273664 2.52993687881 0.032165203519
58893.6396482 23.0783554459 58.5801225276 2.51992277052 0.0339018911376
58904.7680662 23.1785182172 58.8582116624 2.53507721759 0.0340528020709
58915.8876952 23.4607951181 59.2401061717 2.53768385531 0.0372803146946
58927.017578 23.7440837642 59.4903317586 2.52698836172 0.04145256598
58938.1328122 23.9069747357 59.5127318657 2.50865204821 0.0447041384025
58949.2597658 23.902927755 59.2439305802 2.48223395272 0.0464994938433
58960.3793942 23.6773085833 59.1439496142 2.50072959937 0.0424779930934
58971.4990235 23.8138941805 59.1444959583 2.48353178794 0.0453311873723
58982.6259765 23.798718003 59.4318729424 2.51422777237 0.0430045196005
58993.7514645 23.9909495843 59.8711335797 2.53399474995 0.0439516977756
59004.8740235 24.5737147991 60.2448329279 2.49778365126 0.0535456857283
59015.9995115 24.9470487648 61.2096765665 2.54770561843 0.0545956970545
59027.1220702 25.815126116 62.4493312755 2.56295885019 0.0641024090992
59038.2475585 26.5577470668 63.4458628706 2.56975211744 0.0727011489785
59049.3701173 26.7995541612 63.527814482 2.5472179939 0.077234480313
59060.4956055 26.5101950441 62.7454497649 2.50442636011 0.0766800161275
59071.6181643 25.8677368646 61.7418156968 2.48447240381 0.0702237404421
59082.7465823 25.1433273268 60.6649715225 2.46781674441 0.062560157165
59093.8632812 24.2438858755 59.4351510069 2.45826422902 0.0523035459947
59104.9916993 23.233152456 58.2747161889 2.46995300048 0.0392589827714
59116.1098632 22.6837748317 57.6486058776 2.47681246044 0.032153914711
59127.2294923 22.4551204245 57.5114735144 2.4919349921 0.0283445388627
59138.3564452 22.4864845246 57.4486439457 2.48175362067 0.0294329008607
59149.4804688 22.4500616987 57.695045124 2.51081169599 0.0269657896624
59160.6015622 22.7131154415 58.2708917804 2.53505798289 0.028441086457
59171.7285158 23.0540735619 58.7571380083 2.54065764807 0.0321613130916
59182.8525393 23.3697380533 58.9286900482 2.51801390939 0.0375532971866
59193.9677735 23.2523756142 58.6915767191 2.50912007627 0.0367566923961
59205.0961912 22.9336758873 58.2271842543 2.50294415649 0.0333418898203
59216.2202145 22.833513116 57.9665781299 2.48959822926 0.0330658916523
59227.3427735 22.7222211479 57.9266950124 2.49963260569 0.0310239924477
59238.4594727 22.8213721741 58.3435555425 2.52868058182 0.0301910404346
59249.5878908 23.1734594913 58.8035772547 2.53025510095 0.0343283857571
59260.7075192 23.4213370567 59.1166324104 2.53030322421 0.0373187601136
59271.822754 23.6469562284 59.3630335888 2.52649825207 0.0403118714082
59282.9541015 23.9727381714 59.8634847627 2.53552921511 0.0436240239454
59294.075195 24.3683305307 60.4699266873 2.54645483274 0.0476556309344
59305.1992188 24.9500840003 61.2577548452 2.55217881196 0.0543203056103
59316.3276365 25.5429666668 62.4187360073 2.5944931417 0.0585825172701
59327.4458007 26.1065087234 63.0033241688 2.58220196685 0.0663157280865
59338.5742188 26.0579449555 62.5121608443 2.53840456102 0.068780315289
59349.6938473 25.3446646145 61.1719788253 2.493391887 0.063225230789
59360.8237305 24.4755755181 60.0432319637 2.4899493117 0.0529015569819
59371.9418942 23.8988807743 59.7427427218 2.53274512608 0.0429241161212
59383.0717775 23.9363153454 60.0000707817 2.5538526072 0.0419037504249
59394.1899412 24.2317449335 60.2737891639 2.54400474328 0.0461704833408
59405.3168945 24.3278607241 60.2754281962 2.53200315692 0.0481737398164
59416.4365235 24.4138590631 60.2699647554 2.52056378648 0.0500154527308
59427.551758 24.3561895887 60.3344333564 2.53435321231 0.0483532384199
59438.6831055 24.1336056525 59.8962654072 2.51847648795 0.0467632582408
59449.7998045 23.7886005514 59.5695516496 2.5293070114 0.0418293444655
59460.9296878 23.6489797187 59.2182524086 2.51174388178 0.0413664045485
59472.055176 23.6702263671 59.1488667109 2.50211600347 0.0422955395961
59483.1733395 23.4506776664 58.8363578993 2.49857480988 0.0398884004893
59494.291504 23.2432699077 58.569195646 2.49804966278 0.0374196091133
59505.4243162 22.9781926746 58.2173500609 2.4963587377 0.034338566352
59516.538086 23.2382111819 58.5435174744 2.49612457682 0.0374929240391
59527.6650393 23.4577598826 58.9625633809 2.51029706858 0.0391556121511
59538.7875973 23.4537129019 58.6899376869 2.48356457252 0.0409730045214
59549.9145507 23.2412464174 58.597605538 2.50114052263 0.0371793907682
59561.0341795 23.275645753 58.5014489806 2.48720733265 0.0385675141298
59572.1640622 23.2240467496 58.433155971 2.48689899546 0.0379659725259
59583.2822265 23.1117430363 58.3364530696 2.49140815653 0.0362955222528
59594.4062497 22.9589695164 58.2637893074 2.50340747319 0.0336146019151
59605.527344 23.0105685198 58.1228325357 2.48286497905 0.0356711672425
59616.6337893 23.005509794 58.1517887718 2.48638646686 0.0353642918333
59627.7607423 22.8274426451 57.9993587745 2.49362523805 0.0327115700381
59638.8847655 22.6888335575 58.0130173764 2.51242459244 0.0297286409263
59650.010254 22.7029979898 58.1403155462 2.52331970556 0.0291386735138
59661.1342775 23.0004510682 58.1856621045 2.49039822958 0.0350231896335
59672.256836 22.9306406518 58.0261296342 2.48329993294 0.0346767251935
59683.3837893 22.7981020353 57.9720415707 2.49459842546 0.0322899478437
59694.5063473 22.7465030319 57.7840992085 2.48239200667 0.0325202362326
59705.6230467 22.513801644 57.7190842634 2.50519061846 0.0281255533414
59716.7470702 22.6635399284 57.4961758803 2.46421315002 0.0327897389467
59727.8681643 22.6321758283 57.6130935126 2.47977279807 0.0313256337765
59738.9951173 22.544153999 57.630576523 2.49257753032 0.0293715877393
59750.1162113 22.6159879057 57.6726450169 2.48772700226 0.0305753314238
59761.2431643 22.6129526702 57.6387716842 2.48474196664 0.0307471695767
59772.364258 22.6554459671 57.6415034046 2.4796696254 0.031613154038
59783.494141 22.7009744995 57.6704596406 2.47682109113 0.0323605431029
59794.6152345 22.7525735029 57.5988885666 2.46321693486 0.033932080079
59805.737793 22.6817513414 57.5868689969 2.47093195095 0.0325400769576
59816.857422 22.7545969932 57.8343628635 2.48637295193 0.0323398537354
59827.98291 22.6989510092 57.8644117877 2.49636264607 0.0309718896741
59839.1010743 22.8375600967 57.8480214654 2.47729177172 0.0339738415853
59850.2280275 22.8527362742 57.873699637 2.47793625591 0.0341118090927
59861.347656 22.9700987133 57.7966651222 2.45549802892 0.0370935833348
59872.4746095 22.7991137804 57.7300111449 2.47039382707 0.0339919609644
59883.5942382 22.7545969932 57.6027129752 2.46334236277 0.0339477094839
59894.7226562 22.679727851 57.3907314736 2.45170707778 0.0338578617607
59905.8525393 22.6271171025 57.4262438385 2.46184936084 0.0325160040762
59917.020508 22.6483637509 57.4240584622 2.45896043102 0.0329736273966
59928.176758 22.5765298442 57.4595708272 2.47151941952 0.0312316150152
59939.2978515 22.6524107316 57.3825363124 2.45432931041 0.0333456962046
59950.4248045 22.4966019762 57.2169940573 2.45749216425 0.0312484919908
59961.5458982 22.4652378761 57.071666533 2.44702362369 0.0316017662217
59972.6743162 22.4682731116 56.9787880401 2.43743754242 0.0323075456799
59983.796875 22.4662496213 56.9514708363 2.43498534307 0.0324543849305
59994.9062497 22.353945908 56.8301824513 2.437083039 0.0309563507635
