Time		Tb_f1		Tb_f2		Q		W
49578.232422 50.019869207 40.4489828986 2.78166023918 0.002470894669
49589.359375 50.0219575252 40.3515635346 2.78923328416 0.00138990092273
49600.480469 49.9937652294 40.3387710929 2.78665347168 0.00148200639194
49611.6103515 50.009427616 40.2669366124 2.79400844408 0.000569139301224
49622.728516 50.1650073223 40.3564837045 2.80683112512 0.00026716944528
49633.8583985 50.0365757527 40.3161383114 2.79372653956 0.000882978054774
49644.9765625 50.2850856192 40.3023618357 2.82598208285 -0.00131177391509
49656.1064455 50.1284617537 40.4479988646 2.79537211557 0.00156715226831
49667.2246095 50.2558491643 40.38010052 2.81647467219 -0.000222445194695
49678.3515625 50.1336825492 40.3899408598 2.80038526555 0.000890161912065
49689.466797 50.1159318445 40.4125736413 2.79645698893 0.00128331724726
49700.6025395 50.1650073223 40.4096215394 2.80284368795 0.00084739499471
49711.714844 50.2005087318 40.4844081218 2.8016909432 0.00137214981117
49722.838867 50.2443634141 40.5906837916 2.79922210838 0.00217249464701
49733.9628905 50.2600258007 40.5109770393 2.80717611628 0.00117263511027
49745.0898435 50.2913505738 40.5867476556 2.80542387594 0.00174275289784
49756.2109375 50.3164103923 40.6211888449 2.8059874405 0.00191289295767
49767.334961 50.3832365748 40.5857636217 2.81705113718 0.00097550415876
49778.458984 50.3738391429 40.6821989516 2.80862512924 0.00210701501224
49789.5800785 50.5001823944 40.6605502041 2.82614454618 0.000829695089674
49800.701172 50.4437978028 40.710735937 2.81527996962 0.00184288330507
49811.831055 50.4907849624 40.7058157671 2.8215610706 0.00140201678049
49822.949219 50.5241980537 40.618236743 2.83234517265 0.000169284923462
49834.067383 50.5816268044 40.7028636652 2.83321507436 0.000621178013352
49845.197266 50.6098191002 40.5828115197 2.84578255859 -0.000923526419983
49856.3183595 50.5409045994 40.7363208205 2.82557552396 0.00132262805875
49867.4453125 50.5043590308 40.5867476556 2.83221386913 -1.14112795983e-05
49878.5664065 50.5555228268 40.5434501606 2.84190404404 -0.000906145238559
49889.6933595 50.5200214173 40.6428375925 2.82997160576 0.000472605541175
49900.832031 50.4281354163 40.4568551704 2.83237716752 -0.000802672115052
49911.953125 50.3623533928 40.5621468062 2.81619859569 0.000889374112536
49923.080078 50.4855641669 40.5188493111 2.83494776816 -0.000598500662047
49934.2070315 50.4135171888 40.5867476556 2.82078562177 0.000736891341878
49945.322266 50.3696625065 40.4007652336 2.82923279956 -0.00093371427022
49956.446289 50.2182594366 40.5031047674 2.80251792456 0.0014303415575
49967.5703125 50.1984204136 40.3259786512 2.81331811876 -0.000340762508308
49978.685547 50.3049246421 40.3397551269 2.82567085456 -0.00106687811485
49989.8183595 50.2756881872 40.4037173355 2.81719609278 -0.000127839578947
50000.9365235 50.303880483 40.3417231948 2.82539192936 -0.00103679687803
50012.0634765 50.1660514814 40.3987971656 2.80378720479 0.000720600286348
50023.18457 50.1556098904 40.4165097773 2.80114606757 0.00099992696419
50034.314453 50.2380984595 40.4598072723 2.80826157418 0.000794112204678
50045.4384765 50.3592209155 40.3564837045 2.83124256144 -0.00133125078615
50056.5595705 50.2297451867 40.4007652336 2.81164312826 0.000218028138595
50067.677734 50.2245243912 40.4598072723 2.80655563214 0.000905814451275
50078.801758 50.2380984595 40.4135576753 2.81173291383 0.000288985762104
50089.9316405 50.2412309368 40.4706316461 2.80784272781 0.000886569254515
50101.052734 50.1900671408 40.4401265928 2.80370287525 0.000974376475234
50112.1796875 50.1838021862 40.3919089278 2.80653441042 0.000499346341524
50123.3007815 50.4072522342 40.4233980151 2.83226168478 -0.000996096051974
50134.427734 50.1900671408 40.3082660396 2.81359725394 -0.000465388233679
50145.5488285 50.3111895967 40.3673080783 2.82439118078 -0.000817630694875
50156.6728515 50.3226753469 40.4981845975 2.81601223135 0.000517192485271
50167.791016 50.1681397996 40.3761643841 2.80574796743 0.000456282465052
50178.923828 50.2683790735 40.428318185 2.81443104756 0.000200979308098
50190.0390625 50.263158278 40.4096215394 2.81517801723 3.97636372568e-05
50201.1689455 50.2297451867 40.383052622 2.81297232409 2.46123311271e-05
50212.28125 50.2621141189 40.3653400103 2.81836969959 -0.000435173091226
50223.4052735 50.0532822983 40.4155257433 2.78836698551 0.00183076926107
50234.529297 50.1357708674 40.4489828986 2.79621643307 0.00151777931347
50245.644531 50.1357708674 40.4037173355 2.79961376497 0.00102342199037
50256.7714845 50.2255685503 40.2157668455 2.82499600282 -0.00176700421542
50267.892578 50.1670956405 40.2620164425 2.81418005257 -0.000781198669037
50279.022461 50.1681397996 40.3151542774 2.81032540742 -0.000209796401739
50290.1376955 50.1900671408 40.3299147871 2.8119731847 -0.000229064392986
50301.267578 50.1879788226 40.2029744038 2.82123159997 -0.00159728936824
50312.388672 50.1556098904 40.3151542774 2.80875117735 -0.000106718436529
50323.521484 50.2057295273 40.4174938112 2.80736966147 0.000598327149046
50334.6308595 50.2422750959 40.3210584813 2.81919846899 -0.000755340087849
50345.760742 50.3884573704 40.333850923 2.83661730546 -0.00181908594815
50356.878906 50.3487793244 40.3269626852 2.8321444358 -0.00156756994171
50368.0 50.2213919139 40.3220425153 2.81650011457 -0.000572747973783
50379.126953 50.1848463453 40.2334794571 2.81855052024 -0.00123865816902
50390.2509765 50.1984204136 40.2344634911 2.82018236699 -0.00133960262376
50401.375 50.20259705 40.1153953797 2.82963410474 -0.00267295206538
50412.4960935 50.2318335049 40.2797290542 2.82098642154 -0.00112054089224
50423.623047 50.1169760036 40.1537727048 2.81600019262 -0.00154998346736
50434.75 50.101313617 40.1547567388 2.81395909623 -0.00141043171824
50445.865234 50.2005087318 40.1901819621 2.82376523359 -0.00183995529189
50456.9921875 50.1378591856 40.0848903263 2.82378661177 -0.00247305459872
50468.1162105 50.0741654804 40.3003937677 2.79962808355 0.000402026408871
50479.228516 50.0846070714 40.2905534279 2.80167760056 0.000208750433024
50490.361328 50.0793862759 40.2669366124 2.80279331176 -6.0792167589e-06
50501.479492 50.1263734355 40.3062979716 2.80574268286 3.71000148656e-05
50512.609375 50.0846070714 40.1153953797 2.81481130769 -0.00170237997847
50523.727539 50.1472566176 40.1153953797 2.82268085216 -0.00221766465571
50534.857422 50.1493449358 40.193134064 2.81711541084 -0.00138682068519
50545.9785155 50.1117552081 40.2098626416 2.81113904276 -0.000895107271792
50557.105469 50.0438848664 40.2236391174 2.80158209687 -0.000186654236566
50568.220703 50.0647680484 40.238399627 2.80309765583 -0.000197299295015
50579.350586 50.0574589347 40.2118307096 2.80417214484 -0.000427115239376
50590.46875 49.9530430244 40.1990382679 2.79202189404 0.000291692263842
50601.595703 49.9812353202 40.2206870154 2.79393753597 0.000296181314646
50612.713867 49.989588593 40.1793575883 2.79808512629 -0.000223418710983
50623.84082 49.8736869326 40.0543852729 2.79290562186 -0.000633981675827
50634.958984 49.9457339107 40.1586928747 2.79412932846 -8.83946584654e-05
50646.091797 49.9018792284 40.1409802631 2.78995317081 7.8780432962e-05
50657.207031 49.9352923197 40.2511920688 2.7858829229 0.00100667633075
50668.3310545 49.9175416149 40.2590643406 2.78306468367 0.00123846344357
50679.455078 50.140991663 40.2757929182 2.80986724275 -0.000416104590921
50690.5878905 50.1023577761 40.1134273117 2.81718830384 -0.00186982803752
50701.697266 50.1086227308 40.1872298601 2.81244259558 -0.00111628284992
50712.8271485 49.9394689561 40.2118307096 2.78935889656 0.000542831609858
50723.9482425 49.9342481606 40.1882138941 2.79047443689 0.000328060621394
50735.060547 50.0177808888 40.1852617922 2.80118198664 -0.000390766826958
50746.1875 49.9509547062 40.1832937242 2.79294026532 0.000137077557225
50757.308594 50.0292666389 40.1665651466 2.80402589578 -0.000689170511484
50768.426758 50.0188250479 40.191165996 2.80087040746 -0.000334935104191
50779.5683595 49.9060558648 40.2256071853 2.78413234616 0.000967738246087
50790.6894535 49.9979418658 40.1645970786 2.80024045706 -0.000453115157651
50801.8134765 49.9561755017 40.2521761027 2.78843032307 0.000845783407109
50812.9375 49.9415572743 40.240367695 2.78748103885 0.000837063382958
50824.064453 50.069988844 40.3269626852 2.79711041943 0.000726399156197
50835.1914065 50.1023577761 40.333850923 2.80065903928 0.000535401489812
50846.3066405 50.1159318445 40.3397551269 2.80192109448 0.000488216657165
50857.427734 50.0125600933 40.3653400103 2.78701969777 0.00161757286397
50868.5546875 50.0449290255 40.3614038744 2.79137939638 0.00130846941873
50879.669922 50.1305500719 40.4174938112 2.79792401815 0.00121681215657
50890.802734 50.2391426186 40.3653400103 2.81548247294 -0.000246122294314
50901.9208985 50.2245243912 40.3623879084 2.81386680651 -0.000158059407963
50913.0478515 50.2861297783 40.5660829421 2.80631952435 0.00155989711467
50924.183594 50.1503890949 40.4834240878 2.79546751638 0.00177373700135
50935.319336 50.3863690521 40.5149131752 2.82276545635 0.0001755237551
50946.4316405 50.4302237345 40.5621468062 2.82473456291 0.000330453181992
50957.5585935 50.2506283688 40.3643559764 2.81699988513 -0.000351389365579
50968.6826175 50.2276568685 40.289569394 2.81972341484 -0.000978767024119
50979.7978515 50.1775372316 40.4814560199 2.7990261252 0.00152890040751
50990.927734 50.2151269593 40.5040888014 2.80205039185 0.00146686775884
51002.042969 50.1493449358 40.4047013695 2.80124518648 0.000922509660358
51013.1699215 50.2234802321 40.4076534714 2.81033885027 0.000344803142564
51024.291016 50.2172152775 40.5080249373 2.80201730637 0.00149268614019
51035.423828 50.4270912572 40.4725997141 2.83106395289 -0.000622093660446
51046.533203 50.456327712 40.7382888884 2.81478564771 0.0020409688607
51057.663086 50.445886121 40.7373048544 2.81354605493 0.00211621649164
51068.78418 50.5085356672 40.853420864 2.81269963674 0.00287023331762
51079.896484 50.5315071675 40.7619057039 2.8224700116 0.00167986914756
51091.026367 50.6160840548 40.9409998881 2.81964955162 0.00294229961575
51102.144531 50.6014658274 40.8416124562 2.82528345205 0.00197520669099
51113.265625 50.5858034408 40.9301755144 2.81665189908 0.00307341871161
51124.392578 50.7560013746 40.8967183591 2.84059993791 0.00130394955181
51135.5166015 50.699616783 40.8632612038 2.83601398114 0.00140286768846
51146.6435545 50.6453205097 40.8819578494 2.82777089437 0.00205513395618
51157.7558595 50.7580896928 40.9646167036 2.83575604157 0.00202985598413
51168.8828125 50.6703803282 40.8829418834 2.83085230708 0.00185929067302
51179.998047 50.6108632593 40.8691654076 2.82439473363 0.00219920918447
51191.125 50.6651595326 40.8868780193 2.82989890261 0.00194540823609
51202.246094 50.7340740334 40.9606805677 2.83302701369 0.00218485010536
51213.370117 50.7403389881 40.9833133492 2.83211352393 0.00238093331083
51224.4941405 50.7017051012 40.901638529 2.8333910314 0.00180559133793
51235.6210935 50.638011396 40.9203351746 2.82396445133 0.00253536920196
51246.7421875 50.729897397 41.0256268103 2.82761471386 0.00293030777877
51257.866211 50.9721423089 41.1505991257 2.84873718661 0.00230006063471
51268.990234 50.9136693991 41.321821038 2.82846996398 0.00465919614673
51280.1113285 51.033747696 41.5353564115 2.82751570759 0.00600986171428
51291.232422 51.2248288118 41.8030136538 2.8314308827 0.00736984574968
51302.362305 51.4545438145 42.2084356532 2.82980926929 0.00992784296292
51313.4833985 51.6299625438 42.3757214297 2.83932856285 0.0103174504624
51324.595703 51.520325838 42.313727289 2.83015821967 0.0105424500743
51335.725586 51.5422531791 42.3215995608 2.832334345 0.0104476328295
51346.84375 51.6853029762 42.4623164198 2.83977305908 0.0108129638513
51357.9648435 51.5923728161 42.2458289444 2.84440298889 0.00919862368036
51369.091797 51.3052290628 42.1375852067 2.81630505494 0.0103832962769
51380.207031 51.3981592229 42.4839651674 2.80183538227 0.0134282448547
51391.333984 51.5756662704 42.2960146774 2.83849425029 0.00988936495178
51402.455078 51.4628970873 41.8846884741 2.85533192823 0.00629843639473
51413.584961 51.2102105844 41.4920589164 2.8530458024 0.0040769002197
51424.703125 50.8426665801 41.1712638392 2.83086027419 0.00359513141363
51435.830078 50.7215441242 40.9429679561 2.83278118808 0.00209430990737
51446.9541015 50.557611145 40.9272234124 2.81332546195 0.00327345729198
51458.083984 50.7121466923 41.0039780628 2.82700789398 0.00283967286182
51469.1933595 50.6202606912 40.9439519901 2.81995330758 0.00294018221362
51480.314453 50.7100583741 41.0344831161 2.82444958048 0.00319089147553
51491.4296875 50.6954401466 41.1013974267 2.81757265677 0.00404422951506
51502.553711 50.7351181925 41.1171419704 2.82138487592 0.00388946342904
51513.677734 50.8364016255 41.1899604848 2.8286630162 0.00385167490516
51524.810547 50.8238717163 41.3109966643 2.8179679424 0.0052815827856
51535.919922 50.8844329443 41.559957261 2.80683423507 0.00751253382361
51547.049805 51.0755140601 41.6012866881 2.82781156777 0.00638846078613
51558.173828 51.1089271514 41.654424523 2.82801825513 0.00669576211427
51569.286133 51.0786465374 41.4310488097 2.84104321581 0.0044947056285
51580.4101565 50.9564799224 41.3041084264 2.83520154703 0.00411162225452
51591.53125 51.0995297195 41.5717656687 2.83306794863 0.0058660716386
51602.661133 51.196636516 41.8541834207 2.82400875823 0.00816505185167
51613.779297 51.3250680857 41.8650077945 2.83940637458 0.00722226168431
51624.90918 51.4127774504 41.9319221051 2.84543156522 0.0072322249323
51636.027344 51.5255466335 42.2901104735 2.83260492765 0.0102392379088
51647.1572265 51.7479525224 42.5617038517 2.84017275256 0.0113891518031
51658.2753905 51.8784724103 42.596145041 2.85408331298 0.010687109811
51669.408203 51.7375109314 42.688644235 2.82923428211 0.0128751087265
51680.5234375 51.8826490467 42.5636719197 2.857071863 0.0102945566726
51691.6503905 51.9390336383 42.6246820264 2.85958969146 0.010499589076
51702.7685545 51.8419268417 42.3304558666 2.86957222345 0.00806299123335
51713.8896485 51.7521291588 42.3934340413 2.85344170265 0.00950063796353
51725.013672 51.642492453 42.2251642309 2.85230387983 0.00855619207574
51736.140625 51.7625707499 42.4623164198 2.84954863652 0.010172875306
51747.261719 51.7510849997 42.3698172258 2.85509698463 0.00924919811714
51758.385742 51.8387943644 42.5282466964 2.85420315984 0.0102676609741
51769.509766 51.7406434087 42.5666240216 2.83887528435 0.0115039343076
51780.6396485 51.9171062971 42.6561711137 2.85442715397 0.0110285752609
51791.7578125 52.1447329815 43.0320720937 2.85475900393 0.0132883315713
51802.8789065 52.5237627359 43.5703386803 2.8619441112 0.0160912435888
51814.00293 52.7806258752 43.9491917622 2.86573323514 0.0181516339523
51825.1328125 52.8192597621 44.0584195339 2.86231995441 0.019041398346
51836.248047 52.8725118763 44.14895066 2.86218841828 0.0196024721756
51847.3691405 52.9717069911 43.7592732043 2.9044983447 0.0144556409364
51858.496094 52.7639193296 43.3735318845 2.90741825468 0.0119159427975
51869.6171875 52.3786246206 43.0310880597 2.88449597021 0.0113352272058
51880.7441405 52.1405563451 43.1649166809 2.8441444337 0.0147905231548
51891.868164 52.5811914866 43.6490613986 2.86324718569 0.0164852971032
51902.989258 52.8234363985 44.292619621 2.84498833702 0.0216058808678
51914.107422 53.0729904241 44.573069305 2.8553206817 0.022643204685
51925.234375 53.3413393135 44.7767643387 2.87392810674 0.0226709377724
51936.3496095 53.2327467668 44.5543726594 2.87709076572 0.0211034131094
51947.482422 53.0771670605 44.1046691309 2.89160284719 0.0174062117655
51958.600586 52.808818171 43.8812934177 2.87449000149 0.0171642471154
51969.7333985 52.8683352399 44.1597750338 2.86083177681 0.0197573724105
51980.845703 53.0385331737 44.1302540144 2.88473483175 0.0180120575914
51991.972656 52.8871301037 43.9659203399 2.87800020718 0.0174504337467
52003.09375 52.6313111235 43.2967772341 2.8964007975 0.0121705085034
52014.211914 52.1447329815 42.7004526428 2.87990942431 0.00962860832882
52025.338867 51.7709240227 42.2271322988 2.86840237235 0.007514002848
52036.4541015 51.6602431578 42.3215995608 2.84725372906 0.0094707363859
52047.586914 51.7646590681 42.5134861867 2.84593841877 0.0107193597755
52058.705078 52.0935691855 42.6817559972 2.87484185249 0.00984702215542
52069.8291015 51.8983114332 42.5164382887 2.8626321108 0.00964417668332
52080.947266 52.0789509581 42.972046021 2.85097719882 0.0131713893062
52092.06543 52.413081871 43.1383477635 2.88072613295 0.0122337439723
52103.192383 52.4089052346 43.0871779966 2.88408099094 0.0117031455126
52114.310547 52.1885876639 43.1521242392 2.85120455944 0.0142504905619
52125.44043 52.5456900771 43.6756303161 2.85671683196 0.017074720193
52136.558594 52.7733167615 43.8557085342 2.87192577054 0.0171761770544
52147.6884765 53.0166058325 44.338869218 2.86602909227 0.0205106618758
52158.8066405 53.3893706323 45.2973183136 2.84019811845 0.0280690500652
52169.9365235 54.0826922766 46.3994363702 2.84403830214 0.0345943669758
52181.0546875 54.8073386941 47.2132324709 2.87406339076 0.0376532640644
52192.1816405 54.9681391959 47.1689509419 2.89812121269 0.0358041149513
52203.296875 54.6266991693 46.5627860108 2.9010988312 0.0318653274993
52214.4208985 54.5034883951 46.5942750981 2.88288317696 0.0332522978391
52225.544922 54.6997903065 46.9829685198 2.87805727463 0.035968140019
52236.671875 55.0307887421 47.2604661019 2.89909226371 0.0363066155516
52247.792969 54.9629184004 46.8520920006 2.92191819517 0.0322876931972
52258.9257815 54.3959400075 45.6318898665 2.94313125663 0.0233829532095
52270.041016 53.4467993829 44.5474844215 2.90489513083 0.0192407129921
52281.1621095 53.0709021059 44.1341901503 2.88855437144 0.0177859834989
52292.283203 52.9643978774 44.1400943542 2.87455125996 0.0187389192221
52303.404297 53.0030317642 43.9757606797 2.89199423613 0.0165941436458
52314.53125 53.0792553787 43.820283311 2.91353902852 0.0142354778971
52325.649414 52.8443195805 43.8370118886 2.88237651554 0.0163779112914
52336.779297 52.8620702853 43.8606287041 2.88283492559 0.0164918569401
52347.9003905 52.9038366494 43.8389799566 2.88979540093 0.0159041312576
52359.027344 52.7722726024 43.9344312526 2.86579607622 0.0180575070729
52370.142578 53.0072084006 44.3526456937 2.86378176435 0.0207419714467
52381.2666015 53.3277652452 44.9843955083 2.85631365723 0.0250956322062
52392.390625 53.8592422286 45.6210654928 2.87532346104 0.027756401749
52403.5058595 54.5536080321 47.1571425341 2.84586678691 0.0391526213258
52414.635742 56.023784049 50.2105999713 2.79735490894 0.0613395432181
52425.753906 58.0369227996 52.7651521811 2.85703642559 0.073535206684
52436.8808595 58.9495178555 53.3053868356 2.93325237777 0.0719739440582
52448.0078125 58.2374013473 51.8322879689 2.95689131796 0.0610949130882
52459.128906 56.9019218546 49.2954483707 2.98238451736 0.0434995632242
52470.2529295 55.3450806321 47.0036332334 2.95932353756 0.0307746616639
52481.376953 54.2069472099 45.3012544495 2.94430134756 0.0212766887507
52492.4921875 53.2786897674 44.0259464126 2.92326688883 0.0148525818132
52503.6279295 52.8370104668 43.7671454761 2.88676732904 0.0156646077877
52514.7460935 52.9351614225 43.8763732478 2.89093167895 0.0160576775481
52525.873047 52.8025532164 43.6510294666 2.8912249037 0.0146653491843
52536.982422 52.574926532 43.1531082732 2.9001519722 0.0110514758289
52548.112305 52.230354028 42.8460896717 2.87972345989 0.0105244417148
52559.236328 51.9933299116 42.5085660168 2.87526150646 0.00876951314843
52570.345703 51.8847373649 42.3668651238 2.87223661454 0.00810904284784
52581.4726565 51.8732516148 42.4377155703 2.86541980167 0.00898459870296
52592.59375 52.1854551866 42.596145041 2.89297500586 0.00814054647405
52603.723633 52.148909618 42.6630593516 2.88327253782 0.00918160167823
52614.841797 52.0914808673 42.6640433855 2.87591944047 0.0096690380954
52625.97168 52.1207173222 42.7368619 2.87410593444 0.0102294734941
52637.089844 52.3566972794 42.7506383757 2.90298570317 0.00842205282898
52648.222656 52.2898710969 42.6837240651 2.89958003298 0.00823914391898
52659.3378905 52.2251332325 42.7653988854 2.88517954907 0.00967752409946
52670.461914 52.3003126879 43.0310880597 2.87456093803 0.0119857565822
52681.580078 52.4402300077 42.9297325599 2.90000468135 0.00970421696501
52692.7070315 52.473643099 43.0517527733 2.89498674487 0.0107738372192
52703.828125 52.5174977813 43.3656596126 2.87671206015 0.0138786452835
52714.9521485 52.5874564412 43.111778846 2.9048813695 0.010490647369
52726.076172 52.3817570979 43.2416713313 2.86890397383 0.0136358834985
52737.203125 52.5091445085 43.252495705 2.88425036472 0.0126968386482
52748.324219 52.3660947114 42.8175526863 2.8991049562 0.00908218102436
52759.448242 52.1708369591 42.8578980794 2.87128202671 0.0111488448203
52770.572266 52.1708369591 42.5351349343 2.89574291018 0.00758945843871
52781.6933595 51.7020095219 42.0952717456 2.86965334442 0.0066341241404
52792.814453 51.7458642042 42.030325503 2.88011027803 0.00555655876513
52803.944336 51.9964623889 42.3156953569 2.89025731335 0.00661917922449
52815.0654295 51.9901974343 42.3255356967 2.8887191875 0.00677948367707
52826.177734 52.0403170712 42.5430072061 2.87860567164 0.00875929347064
52837.307617 52.3065776425 42.7919678028 2.89349431275 0.00929429860572
52848.425781 52.2658554375 42.5676080556 2.90533140253 0.00715846363206
52859.5439455 51.9640934567 42.1926911095 2.89546172688 0.00553373353585
52870.6767575 51.9087530243 42.3776894976 2.87445812745 0.00802914600114
52881.7890625 52.1447329815 42.4140987548 2.90159801686 0.00647262743168
52892.916016 52.0998341401 42.3284877987 2.90238651522 0.00590244744924
52904.0371095 51.9129296607 42.0352456729 2.90088481885 0.00422603490029
52915.166992 51.7458642042 41.8581195566 2.89311897959 0.00366361833898
52926.285156 51.7406434087 41.9929322118 2.88227527166 0.00518865448759
52937.4121095 51.7667473863 42.1631700902 2.87271086113 0.00684476019496
52948.536133 52.2376631417 43.0369922636 2.86616731864 0.0125712209541
52959.663086 52.9007041721 43.9049102332 2.88437503408 0.0166609807533
52970.7753905 53.3016612676 44.432352446 2.89518952241 0.0191724580298
52981.9023435 53.2922638357 43.8478362624 2.93856689495 0.0127646393097
52993.0234375 52.8808651491 43.4089571077 2.91959400089 0.0113342114866
53004.147461 52.8359663077 43.7140076412 2.89067981949 0.0150846622909
53015.271484 53.123110061 43.9560800001 2.90877725474 0.015375190806
53026.401367 52.8766885127 43.6884227578 2.89780542376 0.0144622306027
53037.519531 52.9059249676 43.6559496365 2.90399507478 0.0138591463359
53048.646484 52.9153223995 43.3853402922 2.92577162298 0.0107860298861
53059.767578 52.6292228053 42.8126325164 2.93288343841 0.00684056357676
53070.8916015 52.4266559393 43.0635611811 2.88812646317 0.0112947726266
53082.009766 52.5655291 42.9326846618 2.91568843856 0.00869519477413
53093.1308595 52.2501930509 42.8008241086 2.88567157781 0.00986025949932
53104.2578125 52.2898710969 42.922844322 2.88144977728 0.0108773391133
53115.3789065 52.240795619 42.5243105605 2.90543263508 0.00688938290504
53126.5058595 52.0027273435 41.9998204496 2.91493443915 0.00309184194228
53137.629883 51.8502801145 41.8492632508 2.90700236077 0.0027010334325
53148.753906 51.7813656137 41.9181456294 2.89307788647 0.0040291377653
53159.87793 51.7187160675 41.9555389206 2.88232615992 0.00495921455401
53171.001953 51.794939682 41.8256464353 2.90178107687 0.00290019311977
53182.1171875 51.7970280003 41.698706052 2.91162716309 0.00148860807795
53193.2441405 51.7187160675 41.747907751 2.89800472277 0.00267777352686
53204.3710935 51.7197602266 41.8679598964 2.88907319274 0.00398800345363
53215.4921875 51.9588726612 42.0765751 2.90357925693 0.00429960376975
53226.616211 51.8941347968 42.0893675417 2.89441454528 0.00497708259143
53237.740234 51.9682700931 42.0529582845 2.90655442667 0.00396193421504
53248.8671875 51.916062138 42.1306969689 2.8940666371 0.00524991725462
53259.988281 52.0643327306 42.0903515757 2.91589747096 0.00357636952082
53271.118164 51.9578285021 42.1474255465 2.89809101374 0.00508763278987
53282.236328 51.9233712517 42.0441019787 2.90153769867 0.00423685229933
53293.366211 52.098789981 42.1021599835 2.91937122759 0.00342035355738
53304.484375 52.1875435048 42.2714138279 2.91782202677 0.00454616140837
53315.614258 52.1812785501 42.3156953569 2.91367766692 0.00508565344237
53326.732422 52.2042500504 42.3767054636 2.91197327698 0.00556675593193
53337.8564455 52.1280264359 42.312743255 2.90715080091 0.00549514509985
53348.9746095 52.3086659607 42.5548156139 2.91173020443 0.00666193295723
53360.1103515 52.1175848449 42.5587517498 2.88720432929 0.0082917068513
53371.222656 52.2460164145 42.6148416866 2.89923744906 0.0078438527356
53382.349609 52.2689879148 42.594176973 2.90371612783 0.00742530351248
53393.470703 52.1374238678 42.54891141 2.89046411495 0.00801861126841
53404.5771485 52.2387073008 42.7713030893 2.88645319769 0.00962995087014
53415.707031 52.372359666 42.7939358708 2.90169052619 0.0087695665051
53426.8251955 52.5112328267 42.9090678463 2.91058554731 0.00888593689836
53437.9521485 52.4047285982 42.7899997349 2.90609633607 0.00845719687095
53449.055664 52.2992685288 42.5311987984 2.9123268304 0.00647971295819
53460.185547 52.2345306644 42.3284877987 2.91946157667 0.0047844008374
53471.3066405 52.1165406858 42.1415213426 2.91864514707 0.0037060550326
53482.433594 52.0183897301 41.982107838 2.91825682454 0.00276718627485
53493.560547 51.9494752293 42.0618145903 2.90350473874 0.00421519365755
53504.6875 52.0006390253 41.8984649498 2.922326617 0.00199500904143
53515.808594 51.8053812731 41.9407784109 2.89440757867 0.00407890023019
53526.926758 51.9244154108 42.0942877116 2.89787678077 0.00478014720745
53538.0595705 51.9922857525 42.0814952699 2.90743940492 0.00407661210505
53549.171875 52.2428839372 42.0618145903 2.9406874248 0.00178053324343
53560.301758 52.159351209 41.9053531876 2.94191795734 0.000753839214059
53571.419922 52.2293098689 41.984075906 2.94484063172 0.00103842367917
53582.5498045 52.2846503013 42.1808827018 2.93698289 0.00274352927805
53593.6679685 52.3431232111 42.311759221 2.93450076765 0.00369835594675
53604.794922 52.4819963718 42.1946591775 2.96098231454 0.00125546609326
53615.910156 52.4172585074 42.3097911531 2.94405655432 0.00306074133349
53627.0458985 52.3848895752 42.4111466529 2.93227870788 0.00444582261202
53638.158203 52.4496274396 42.3521046142 2.9449630361 0.00325763706316
53649.2851565 52.4089052346 42.5420231721 2.92541701678 0.00568819974706
53660.40625 52.473643099 42.4967576091 2.93706160741 0.00465138081211
53671.5302735 52.6354877599 42.7368619 2.93942355904 0.00595258411842
53682.654297 52.6083396233 42.8864350648 2.92463390256 0.00782867538745
53693.78418 52.6657683739 42.7437501378 2.94274834421 0.00577667136821
53704.902344 52.5937213958 42.7732711572 2.93135832726 0.00670157896129
53716.026367 52.595809714 42.8067283125 2.92908696671 0.00705332069492
53727.1503905 52.7503452613 43.1993578702 2.91892643972 0.0101032628019
53738.2626955 52.9174107177 43.537865559 2.91443984039 0.0124562151578
53749.392578 53.0656813104 43.725816049 2.91900384668 0.0133019928394
53760.5136715 53.2431883579 43.9472236943 2.9247436582 0.014275727687
53771.631836 53.3382068362 44.1322220824 2.92274811966 0.0155350222044
53782.7441405 53.6566753626 44.6498239554 2.92384674281 0.0186256540865
53793.868164 53.7287223407 44.8180937658 2.92017762557 0.0198955657959
53804.9921875 53.7067949996 44.7354349116 2.92369941464 0.0191590711351
53816.1132815 53.6754702265 44.6094785622 2.92932865681 0.018019940619
53827.240234 53.4436669056 44.2847473491 2.92455580423 0.0163478569455
53838.3671875 53.4541084967 44.5455163536 2.90597739158 0.019157815289
53849.4853515 53.6023790893 44.7177222999 2.91172829055 0.0198345382096
53860.615234 53.7840627732 44.6842651446 2.93747598922 0.0179439225002
53871.7333985 53.6848676584 44.7285466737 2.92142721866 0.0192657011197
53882.863281 53.6263947486 44.7068979262 2.91562006133 0.0195134820591
53893.9814455 53.6055115666 44.7108340621 2.91265455752 0.0197317414002
53905.111328 53.7088833178 44.7236265038 2.92486878578 0.0190102469252
53916.2265625 53.7297664998 44.5701172031 2.93926683269 0.0171284988303
53927.3564455 53.5637452025 44.5957020865 2.91612551505 0.018800208402
53938.4746095 53.6692052719 44.4599053974 2.93995489812 0.016409685452
53949.604492 53.4300928373 44.2325935482 2.92680445865 0.0158821396897
53960.722656 53.3643108138 43.9206547769 2.94220090448 0.0129706398917
53971.8496095 53.2557182671 43.7317202529 2.94275253873 0.0117829397357
53982.970703 53.2379675623 43.8330757527 2.93277405565 0.0130539720547
53994.100586 53.1826271299 43.6835025879 2.93711328163 0.0118584465681
54005.21875 53.2296142895 43.7760017819 2.93605615344 0.0124912251578
54016.345703 53.0531514011 43.6480773646 2.92332577778 0.0125454576459
54027.4726565 53.2212610167 43.4935840299 2.95648214735 0.00943381480943
54038.59375 52.9821485821 43.3302343894 2.93846090174 0.00961995781979
54049.7177735 52.9675303547 43.444382331 2.9279244955 0.0110042937792
54060.841797 52.9445588544 43.20919821 2.94287419514 0.00859502103553
54071.9658205 52.9414263771 43.1275233897 2.94867809276 0.00771858377765
54083.089844 52.9831927412 43.3627075107 2.936125853 0.00997037139225
54094.208008 53.0458422874 43.6165882773 2.92479161294 0.0122577078011
54105.334961 53.2943521539 43.6539815685 2.95359131079 0.0105996805675
54116.4501955 53.3141911769 43.8557085342 2.94076119592 0.0126689479373
54127.580078 53.4144304507 43.5762428842 2.9748095397 0.00873695073043
54138.701172 53.1878479254 43.5555781706 2.94751162489 0.0103985601761
54149.8310545 53.1805388117 43.3203940496 2.964461457 0.00785763610215
54160.946289 53.1074476745 43.0497847053 2.97570670903 0.00547647270337
54172.076172 53.0834320151 43.0074712442 2.97586094723 0.00520935308687
54183.1972655 53.1293750156 43.0891460645 2.97551044603 0.00572845442443
54194.324219 53.0343565373 43.0704494189 2.96483494785 0.00631387612427
54205.439453 53.1627881069 43.2849688264 2.96489282497 0.00761395682528
54216.569336 53.1596556296 43.3361385933 2.96060574499 0.00820586072302
54227.6875 53.1962011982 43.3873083602 2.96137052804 0.00846704568979
54238.8085935 53.3162794951 43.4660310785 2.97068228608 0.00833632553285
54249.935547 53.2964404721 43.3912444961 2.97384010954 0.00767450429271
54261.0625 53.2588507444 43.4197814815 2.96688183106 0.00830374181778
54272.180664 53.2317026077 43.1472040693 2.98413341191 0.00551662881646
54283.3134765 53.0479306056 43.0970183363 2.96454555111 0.00649424851288
54294.4287105 53.1293750156 43.205262074 2.96669341158 0.00701145110708
54305.555664 53.0855203333 43.3184259816 2.95251344578 0.00862800257658
54316.673828 53.3027054267 43.4739033503 2.96835409171 0.00853668059846
54327.791992 53.3716199275 43.6411891268 2.96441121824 0.00981329958423
54338.921875 53.6149089985 43.8261875149 2.98135355036 0.00983108226117
54350.040039 53.5240671566 43.9186867089 2.96271923185 0.0116151334851
54361.169922 53.4582851331 43.8419320585 2.96017714462 0.0113136463375
54372.2910155 53.3831056777 43.7317202529 2.9589848681 0.0107200738181
54383.415039 53.447843542 43.7386084907 2.96671328345 0.0102559982243
54394.533203 53.5762751117 43.9482077283 2.96712951209 0.0115063734642
54405.663086 53.6326597033 44.0997489611 2.96277295102 0.0127160869224
54416.78125 53.8926553199 44.3929910868 2.97359647974 0.0137979790167
54427.9052735 53.7036625223 44.0928607232 2.97235990697 0.0120463152602
54439.0234375 53.599246612 43.8999900633 2.97373380073 0.010779918453
54450.147461 53.5564360887 43.7760017819 2.97771521327 0.00976345923822
54461.271484 53.4290486782 43.7868261557 2.96064602074 0.0109470847412
54472.386719 53.5021398154 44.0899086213 2.946873134 0.0136971326702
54483.5166015 53.7391639318 44.2975397909 2.96127950797 0.0140213784275
54494.634766 53.842535683 44.477618009 2.96073235143 0.0151574735404
54505.7646485 53.7882394096 44.6724567369 2.93891191874 0.0177776605234
54516.8886715 53.944863275 44.6311273098 2.96207775297 0.0160079904144
54528.009766 53.8435798421 44.5455163536 2.95567951511 0.0159034029408
54539.1367185 53.7255898634 44.5701172031 2.93873364454 0.0171634111028
54550.2607425 53.8341824101 44.5622449312 2.95320124498 0.0161679603133
54561.3847655 53.9312892067 44.8112055279 2.94657602887 0.0181248775297
54572.5058595 54.1234144817 44.9755392025 2.95856298745 0.0183462654734
54583.6328125 54.349997007 45.2274519011 2.96826417545 0.0192549943711
54594.753906 54.2309628693 45.0168686296 2.9691570306 0.017905773054
54605.875 54.0774714811 44.5671651011 2.98391557216 0.0141869223245
54617.001953 53.8540214331 44.339853252 2.97271746142 0.0135308961248
54628.1171875 53.7433405682 44.2975397909 2.96181272878 0.0139864640161
54639.2441405 53.7464730455 44.1902800871 2.97039585777 0.0127695115133
54650.365234 53.6514545671 43.8881816555 2.98129511755 0.0102128211411
54661.495117 53.5720984753 43.8990060293 2.9703452611 0.0109957946772
54672.613281 53.5261554748 43.9403354564 2.96133617039 0.011837704849
54683.740234 53.5950699756 44.0052816991 2.96517798418 0.0119822558053
54694.864258 53.5428620204 43.8281555828 2.9720123468 0.0104547244033
54705.9912105 53.599246612 43.8694850099 2.97605752255 0.0104417857848
54717.103516 53.6681611128 44.0475951602 2.97127953127 0.0118408659034
54728.2304685 53.8362707283 44.2522742278 2.97713341924 0.0127068554425
54739.3515625 53.9761880481 44.0928607232 3.00716807136 0.00976713457465
54750.475586 53.7537821592 44.0111859029 2.98498427343 0.0107213881413
54761.5996095 53.812255069 44.054483398 2.98915047446 0.0107127317898
54772.729492 53.8780370925 44.1135254368 2.99305124007 0.0108175861709
54783.8447265 54.0419700716 44.5081230624 2.98388692222 0.0138278200225
54794.96875 54.106707936 44.7934929163 2.97035404329 0.0164595148698
54806.0927735 54.4888701677 44.9410980132 3.00797486496 0.0148999027382
54817.2226565 54.4826052131 44.901736654 3.01018418009 0.0145141874053
54828.3378905 54.401160803 45.1320006051 2.98212680297 0.0177620827637
54839.4589845 54.5055767133 45.1890745759 2.99112859757 0.0175225503285
54850.5859375 54.9023571725 45.7735907595 2.9971707988 0.020715278035
54861.701172 54.9201078772 46.1229228221 2.97259923161 0.0244731077887
54872.825195 55.1331163342 46.3305539917 2.98397417758 0.0250070958644
54883.949219 55.3576105414 46.6749658844 2.98629492336 0.0269789298492
54895.064453 55.5883697031 46.880628986 3.00012273944 0.0273432412106
54906.194336 55.5747956348 46.8885012578 2.99776771098 0.0275460695196
54917.3125 55.6217827944 46.7753373502 3.01254860737 0.0258794182191
54928.439453 55.5727073166 46.6700457145 3.01435050458 0.0251115346588
54939.5664065 55.5643540437 46.5126002778 3.02541053026 0.0234160901745
54950.6904295 55.3576105414 46.1101303804 3.0297926562 0.0206494267427
54961.802734 55.2291789717 45.7804789974 3.03861723403 0.0180437759591
54972.9296875 54.9441235366 45.4183544931 3.02979331772 0.0163973168821
54984.050781 54.5494313957 44.9283055715 3.01671271404 0.0142494161594
54995.1748045 54.3959400075 44.8505668871 3.00299950656 0.014671320461
55006.298828 54.2977890518 44.5179634022 3.01585837815 0.0117945389148
55017.428711 54.0127336167 44.0161060728 3.01769016755 0.00860987398306
55028.546875 53.680691022 43.6018277676 3.00682623831 0.00679633409831
55039.6767575 53.3820615185 43.1363796955 3.00411370919 0.00414257075377
55050.794922 53.2223051758 42.8510098416 3.00541301732 0.00232436156713
55061.918945 53.1283308565 42.8106644484 2.99650549296 0.00266275402841
55073.0371095 52.9758836275 42.7535904776 2.98143027404 0.00330354318531
55084.158203 52.9539562863 42.6984845748 2.98281741739 0.00287842665485
55095.285156 53.173229698 42.9809023268 2.98930969566 0.00416739046926
55106.40625 53.2734689718 43.1491721372 2.98930444338 0.00518999887133
55117.533203 53.518846361 43.442414263 2.99830143986 0.00638415274345
55128.6542965 53.5407737022 43.4345419912 3.00169669605 0.00611393475196
55139.7841795 53.5104930882 43.3853402922 3.00157486822 0.00582255951836
55150.896484 53.5230229974 43.6589017384 2.98236697335 0.00874546515061
55162.017578 53.7610912729 43.6244605491 3.01536776515 0.00637487197183
55173.129883 53.7903277278 43.5211369813 3.02696096713 0.00498668671434
55184.2626955 53.5261554748 43.4355260252 2.99975735847 0.00624690704462
55195.375 53.4561968149 43.2898889962 3.00190490809 0.00522038663225
55206.5078125 53.5428620204 43.5152327775 2.99582731441 0.00698932743649
55217.634766 53.6107323621 43.5319613551 3.0032134123 0.00660752773377
55228.75293 53.6138648394 43.584115156 2.99964588124 0.00715863997047
55239.879883 53.5230229974 43.6234765152 2.985062652 0.00835320777856
55251.0009765 53.5585244069 43.8311076848 2.97378538375 0.0103566225995
55262.1308595 53.7934602051 44.007249767 2.99035060776 0.0103459992632
55273.2519535 53.8968319563 44.1597750338 2.99192541651 0.0111735790129
55284.373047 53.9740997299 44.5661810671 2.97077656706 0.0150412254551
55295.5 54.2121680054 44.9460181831 2.97217505419 0.0172741493077
55306.626953 54.3562619616 44.8003811542 3.00175785356 0.0144454071304
55317.7480465 54.2361836648 44.8348223434 2.98375508333 0.015835024988
55328.8691405 54.1766665959 44.6626163971 2.98930764341 0.0144176354007
55340.001953 54.1140170497 44.6458878195 2.9825732674 0.0147562622568
55351.1171875 54.0534558218 44.8131735959 2.96203991495 0.0171243749409
55362.241211 54.3917633711 45.0522938528 2.98702700298 0.016952731365
55373.365234 54.7321592387 45.2874779738 3.01263089037 0.016718078612
55384.489258 54.7321592387 45.5777679977 2.99036914693 0.0199574606449
55395.613281 54.7363358751 45.6358260024 2.98644904403 0.0205707566494
55406.7373045 54.5201949408 45.2569729205 2.98779915303 0.0181569184304
55417.861328 54.3374670978 44.8663114308 2.99430887391 0.0153367634968
55428.9941405 54.0806039584 44.7492113873 2.97040222172 0.0161853520698
55440.103516 53.9438191159 44.7246105378 2.9547987523 0.0170565036887
55451.2333985 53.8456681603 44.5514205575 2.95549520369 0.0159515708642
55462.357422 53.7527380001 44.4972986886 2.9477620954 0.0161270442447
55473.4697265 53.6963534085 44.8505668871 2.91356186824 0.0205275482006
55484.59375 54.0565882991 45.2943662117 2.92559943853 0.0224590053175
55495.714844 54.5880652825 45.9359563661 2.94438888711 0.0251697385519
55506.8447265 55.0506277651 46.9406550587 2.92634491651 0.0325448979778
55517.9628905 55.5017044976 47.7957805866 2.91819975565 0.0383713301682
55529.095703 55.9506929118 48.3566799547 2.93252452062 0.0409160683853
55540.2109375 56.2931770976 48.2523723529 2.98482389897 0.0368432810619
55551.3320315 55.9193681387 47.9581461931 2.95941473584 0.0366799080369
55562.458984 56.1981586192 48.48165227 2.95474407318 0.0402383115756
55573.574219 56.7912409897 49.5099677782 2.95131312876 0.0468738669062
55584.701172 57.0658548338 49.5011114724 2.98757554089 0.0444441264318
55595.828125 57.0595898792 49.1753962253 3.01217370755 0.04079977469
55606.949219 56.6158222604 48.8073675171 2.9833831455 0.0403905527549
55618.073242 56.2221742786 47.9502739213 2.99909443841 0.034032893396
55629.197266 55.6040320897 47.116797141 2.98390371306 0.0298647144655
55640.321289 55.3931119509 46.8914533598 2.97416087855 0.0291100404202
55651.4453125 55.2772102904 46.8255230832 2.96434439438 0.0293456198834
55662.5634765 55.4849979519 46.6838221902 3.0019995473 0.0260052711966
55673.69043 55.049583606 46.3984523362 2.96801619938 0.0264704353282
55684.805664 54.7948087849 45.799175643 2.98140631856 0.0219047849507
55695.935547 54.420999826 45.1064157217 2.9866266625 0.0173106203269
55707.0566405 53.8811695698 44.5543726594 2.95980455364 0.0156874519055
55718.1865235 53.5073606109 43.9718245438 2.95653968527 0.0123438084768
55729.301758 53.3423834726 43.6106840734 2.96300626074 0.0097195223893
55740.4316405 53.2452766761 43.4601268746 2.96208526739 0.00886331350023
55751.5527345 53.1272866974 43.5240890833 2.94219534922 0.0105549682021
55762.6796875 53.0604605148 43.3587713748 2.94625766806 0.0092830138957
55773.794922 53.0092967188 43.3125217778 2.94326119465 0.00919791693545
55784.924805 53.0489747647 43.4729193164 2.93611820581 0.0106414440833
55796.042969 53.0834320151 43.3705797825 2.94828406149 0.00922215955988
55807.1640625 53.0771670605 43.1727889527 2.96251351407 0.00708775935522
55818.291016 52.7346828747 42.926780458 2.93762595326 0.0072229147721
55829.417969 52.4339650531 42.6807719632 2.91808604729 0.00700949594314
55840.533203 52.3692271887 42.8155846183 2.89965163647 0.00903444177938
55851.6601565 52.3901103707 42.9553174434 2.89170307614 0.0104031423294
55862.78125 52.7315503974 43.160980545 2.91945224914 0.00983557000175
55873.908203 52.677254124 43.0606090791 2.92017297641 0.00917848602661
55885.029297 52.4966145992 43.0291199918 2.89962071056 0.0103329298631
55896.147461 52.5916330776 43.0379762976 2.91101413472 0.00964070350432
55907.277344 52.4569365533 42.9021796085 2.90421528829 0.00926123248226
55918.395508 52.3744479842 42.9198922201 2.89240320436 0.0101422035578
55929.5253905 52.3493881657 42.9395728997 2.88773065996 0.0105676474645
55940.649414 52.4569365533 42.9956628365 2.89712288606 0.0102932720626
55951.7763675 52.3921986889 43.0596250451 2.88405244933 0.01153762001
55962.888672 52.4454508032 42.8952913706 2.90327990492 0.00928066269149
55974.012695 52.4391858486 42.7988560407 2.90979790277 0.00826856521376
55985.1308595 52.4391858486 43.0615931131 2.88986612166 0.0111689065008
55996.263672 52.5874564412 43.0753695888 2.90764539427 0.0100884447198
56007.381836 52.3817570979 42.9435090356 2.89153900276 0.0103421834241
56018.511719 52.393242848 42.8441216037 2.90053501032 0.00914979102441
56029.626953 52.3347699383 42.8037762106 2.89617532248 0.00919040597221
56040.7509765 52.1562187317 42.455428182 2.89992525574 0.00683255996209
56051.875 52.1729252773 42.3245516627 2.911948603 0.00525250103545
56063.004883 52.0131689346 42.2497650803 2.89736131973 0.0057548290598
56074.123047 52.1280264359 42.2300844008 2.91340374478 0.00458525796192
56085.2382815 52.0831275945 42.4721567596 2.8893951688 0.00762341873092
56096.3476565 52.1990292549 42.500693745 2.90192519667 0.00697590897245
56107.4716795 52.2575021647 42.5184063566 2.90799836877 0.00668559777957
56118.583984 52.331637461 42.7171812204 2.90234241257 0.0082612065661
56129.716797 52.2773411876 42.7417820699 2.89359054356 0.00898350261939
56140.834961 52.2867386195 42.6492828758 2.90179254096 0.00788539561421
56151.964844 52.3629622341 42.8362493319 2.89728977435 0.0093145046984
56163.083008 52.4203909847 43.0281359578 2.89002012963 0.0109555827104
56174.2128905 52.5738823729 42.8903712007 2.9199589994 0.00815867471222
56185.336914 52.5321160087 42.7535904776 2.9250268743 0.0069967439491
56196.4638675 52.3890662116 42.6266500943 2.9164890382 0.00678584825934
56207.576172 52.2794295058 42.7890157009 2.89027470389 0.00948719994993
56218.700195 52.4256117802 42.8815148949 2.9018068692 0.00929348406192
56229.8183595 52.5237627359 42.8008241086 2.92038535784 0.00758725894358
56240.951172 52.7002256243 43.1107948121 2.91928208208 0.00954173332554
56252.069336 52.7419919884 43.2800486565 2.91173523245 0.0110647087434
56263.199219 52.869379399 43.5595143065 2.90668447592 0.0130958173961
56274.314453 53.0709021059 43.679566452 2.92318864715 0.0127462321976
56285.4384765 53.1513023568 43.9521438642 2.9126666341 0.0150965162008
56296.5625 53.2807780856 44.0042976651 2.92518296759 0.0145950604991
56307.692383 53.4238278827 44.2621145676 2.92375346814 0.0162621758339
56318.810547 53.3684874502 44.2660507035 2.91639895242 0.016767774008
56329.9316405 53.4039888597 44.2257053104 2.92400219162 0.0160235695679
56341.052734 53.497963179 44.3801986451 2.92419412838 0.0169546019891
56352.1796875 53.7036625223 44.3319809801 2.95411909574 0.0147005977676
56363.3066405 53.5094489291 44.1597750338 2.94247767958 0.0144113345498
56374.424805 53.4906540653 44.3595339315 2.92483947187 0.0167860953754
56385.548828 53.8185200236 44.8417105813 2.92983716005 0.0194076499532
56396.666992 53.8916111608 44.807269392 2.94180757456 0.0184130144098
56407.7939455 53.8874345244 44.9125610278 2.93321946676 0.019619994255
56418.9121095 54.0701623674 45.4154023911 2.91805605336 0.0236955690856
56430.041992 54.593286078 45.892658871 2.94838534598 0.0246417509828
56441.160156 54.8532816946 46.4299414236 2.94039199072 0.0284733226975
56452.290039 55.1278955387 46.3886119965 2.97883307054 0.0257015137823
56463.408203 54.9430793775 46.5066960739 2.94600362018 0.0285791135579
56474.541016 54.937858582 46.1071782784 2.97608864577 0.0241477033559
56485.65625 54.4784285767 45.8365689342 2.93797851415 0.024978260298
56496.783203 54.3405995751 45.5344705026 2.94352181519 0.0227590550766
56507.901367 54.2570668468 45.5502150463 2.93162249974 0.023634884255
56519.02832 54.2842149835 45.6712512257 2.92580752461 0.0247591018247
56530.146484 54.5985068735 45.7952395071 2.95653873473 0.02350887567
56541.279297 54.4972234405 45.5433268084 2.96289945723 0.0215446220173
56552.397461 54.1150612088 44.9893156782 2.95644029905 0.0185696464956
56563.527344 53.7986810006 44.7078819601 2.93753734441 0.0180843955641
56574.645508 53.7067949996 44.5179634022 2.9403185879 0.0167407586883
56585.7753905 53.5198905201 44.3309969461 2.93074618517 0.0162250061265
56596.8964845 53.5908933391 44.3457574558 2.93867675123 0.0157958925588
56608.0234375 53.7673562275 44.7531475232 2.93007668258 0.0188498887801
56619.147461 54.0826922766 45.2864939399 2.92954035046 0.0221526730047
56630.271484 54.3071864838 45.752926046 2.92247649956 0.025479119469
56641.383789 54.582844487 46.1878690647 2.92434811449 0.0280323900707
56652.513672 55.0078172419 46.786161724 2.93276942649 0.0311700551878
56663.6376955 55.1926334031 46.9160542093 2.94648702966 0.0310740437757
56674.761719 55.2845194041 46.9839525538 2.95305612213 0.0310634210298
56685.8828125 55.181147653 47.0823559517 2.9321701928 0.0330392046359
56697.009766 55.3262857683 47.1699349759 2.94406087414 0.0328021480702
56708.133789 55.5413825435 47.5832292471 2.93976813429 0.0356415515585
56719.2578125 56.0864335952 48.5131413573 2.93787668228 0.0415386432414
56730.3759765 56.5719675781 49.5355526616 2.9209449258 0.0490222040228
56741.50293 57.1640057895 50.9446893197 2.88723848823 0.0600629141241
56752.618164 58.2217389608 52.1206099248 2.93209168751 0.0645402462969
56763.7421875 58.9411645827 52.817305982 2.97087505537 0.0664119344701
56774.863281 59.1499964033 52.813369846 2.99850191548 0.06457801306
56785.9902345 58.9286346735 52.7533437733 2.97430420728 0.0657818445985
56797.111328 59.2606772682 53.7924836553 2.93524124855 0.074942807682
56808.2382815 60.1826697561 55.5785053273 2.91350367909 0.0877880826207
56819.359375 61.2268288591 57.1746084414 2.92261358248 0.0974777881458
56830.4804685 62.2595022119 58.9409494339 2.91606267457 0.109378155445
56841.607422 63.618997364 61.5722562941 2.88144174518 0.128908839042
56852.722656 65.3867587253 63.6436478201 2.94697095144 0.138358484689
56863.8525395 66.2408808715 64.5135338576 2.98970009975 0.141371100142
56874.970703 66.3620033275 64.1602656591 3.03561186589 0.136002314341
56886.0976565 65.7616118433 63.0876686219 3.04377232884 0.128318895339
56897.2128905 65.1163215176 62.4136053462 3.01270195991 0.125879023392
56908.333984 65.363787225 63.0305946511 2.99486077136 0.131142145878
56919.4609375 66.3985488961 64.5469910129 3.00824250926 0.140380931418
56930.5820315 67.0615899265 65.2850164972 3.03632380252 0.143491514818
56941.708984 66.7337239681 64.1209043 3.08926589437 0.13222614477
56952.833008 65.5433825908 62.1518523078 3.09189409773 0.118960003179
56963.957031 64.4365739416 60.7850291108 3.05571229925 0.112310785762
56975.0751955 64.1556951429 60.4288088103 3.04730804087 0.110520169091
56986.1933595 63.7422081381 59.8374043889 3.04042182612 0.107093189836
56997.314453 63.334986088 59.21943105 3.03651452406 0.103308297782
57008.444336 62.8807768782 57.9047616539 3.08289402453 0.0917135361343
57019.5654295 61.7478642515 55.8205776862 3.100632104 0.0770904620053
57030.677734 60.1576099377 53.6517667962 3.06411537987 0.0656083514283
57041.8046875 58.9275905144 52.5850739629 2.9874914217 0.0638520033092
57052.925781 58.893133264 53.334907855 2.92353721791 0.0727977066324
57064.0439455 60.2693349617 55.973102953 2.89321494937 0.0916525992333
57075.173828 62.1248056877 58.8218813225 2.90788288746 0.109137532955
57086.2949215 63.6607637281 60.116870039 3.0066552831 0.111135313025
57097.421875 64.105575506 60.1896885534 3.06020112303 0.108106740717
57108.5429685 63.3433393608 58.2255567311 3.11852454411 0.091463958356
57119.669922 61.3354214058 55.2370455366 3.09286073289 0.0738532221211
57130.7822265 59.5008338619 52.5516168076 3.06517757972 0.0585533132939
57141.9121095 58.23426887 50.4231513108 3.06729261725 0.0449973743683
57153.0302735 56.8914802636 48.244500081 3.06281476492 0.0316876518823
57164.1572265 55.313755859 46.2941447345 3.00999417423 0.0230790212989
57175.2753905 54.4042932803 45.138888843 2.98200035348 0.0178125859772
57186.408203 53.8696838196 44.5691331691 2.95720962725 0.0159476173594
57197.526367 53.568965998 44.2119288347 2.94609116248 0.0144931084628
57208.65625 53.5115372473 44.1322220824 2.94484523032 0.0140881401667
57219.774414 53.5271996339 44.5366600478 2.91597476113 0.0184490566202
57230.901367 53.8216525009 44.9351938093 2.92308511419 0.0204221817849
57242.0166015 54.1829315505 45.560055386 2.92138229692 0.0243658251879
57253.146484 54.4794727358 45.8621538176 2.93614664942 0.0252555259014
57264.267578 54.6862162381 46.0294395941 2.94978421891 0.0253916117499
57275.394531 54.6173017374 45.9192277884 2.94942165007 0.0247373046581
57286.5126955 54.5786678505 45.7893353032 2.95444970291 0.0236093668377
57297.642578 54.5807561688 45.3524242165 2.98824330685 0.0187133637854
57308.7636715 54.2090355281 45.1310165712 2.95761142785 0.0193612769075
57319.8876955 54.0618090946 45.2530367846 2.92943420082 0.0219544181255
57331.0058595 54.1818873914 45.2658292263 2.94381039175 0.021091546421
57342.129883 54.2518460513 45.3917855756 2.94310608335 0.0219103996244
57353.253906 54.3343346205 45.1418409449 2.9728174114 0.0184319659222
57364.3691405 54.0534558218 45.1083837896 2.9394472293 0.0204119135007
57375.4990235 53.8707279787 45.0119484597 2.92347900386 0.0208665504409
57386.6171875 53.8623747059 44.9597946588 2.92640376759 0.0203555570965
57397.7441405 53.7224573861 44.80923746 2.92005519876 0.0198493705181
57408.868164 53.7548263183 44.8505668871 2.92102643195 0.0200387809895
57419.9951175 53.781974455 44.9450341491 2.9172651096 0.0208635341563
57431.107422 53.7882394096 45.0149005616 2.91271771878 0.0215892676845
57442.234375 53.721413227 45.1182241294 2.89627459082 0.023299099532
57453.355469 53.7255898634 45.0513098188 2.90193153505 0.0225186112743
57464.479492 53.7997251597 44.995219882 2.91569089353 0.0212740188468
57475.603516 53.6692052719 45.1231442993 2.8892339062 0.0237902695624
57486.7333985 53.9709672526 45.514789823 2.89775318039 0.0256350661908
57497.8515625 54.1756224368 45.8621538176 2.89725190492 0.0278022890536
57508.9726565 54.4126465532 45.9890942009 2.91783217133 0.0272355270319
57520.09668 54.3468645297 45.5649755559 2.94198326562 0.0230471237521
57531.2265625 53.8801254107 44.948970285 2.92949966184 0.0200865440155
57542.341797 53.5459944977 44.6842651446 2.90709285291 0.0199333597103
57553.4628905 53.5303321112 44.7462592853 2.90035569441 0.0207538167665
57564.589844 53.6671169537 45.2195796293 2.88158035386 0.0248826328603
57575.7109375 53.9897621165 45.6623949199 2.88882805126 0.0271260432144
57586.8378905 54.4053374395 46.1632682152 2.90350166855 0.0292458978523
57597.961914 54.4345738943 46.0727370892 2.9142090902 0.0279874769664
57609.0859375 54.3593944389 45.9438286379 2.91449316614 0.0271756853069
57620.201172 54.268552597 46.1012740746 2.89076032491 0.029698515268
57631.333984 54.2873474608 45.8060638808 2.91585613948 0.0262392478665
57642.4492185 54.0336167988 45.4331150027 2.91202552647 0.0241991491074
57653.576172 53.7120157951 44.9194492656 2.91029121937 0.0211634810365
57664.7060545 53.5031839745 44.715754232 2.89922551814 0.0206411569894
57675.8359375 53.4447110647 44.7354349116 2.89026477978 0.0213483153932
57686.9541015 53.5616568843 44.9155131297 2.89140549099 0.0223759822128
57698.083984 53.4259162009 44.7954609843 2.88327864176 0.0221731132906
57709.2021485 53.254674108 44.4589213634 2.88717449608 0.0198596440896
57720.3261715 52.9435146953 44.0348027184 2.87992221644 0.0177447468108
57731.447266 52.6615917375 43.5998596997 2.87720379356 0.0152718121407
57742.5771485 52.3765363024 43.2751284866 2.86569980164 0.0140491139972
57753.6953125 52.281517824 43.1747570207 2.86126991768 0.0137289834954
57764.822266 52.3107542789 43.0055031763 2.8778270656 0.0116164952394
57775.9433595 52.2157358005 42.9818863608 2.86756878958 0.0121447584343
57787.076172 52.4297884166 43.2515116711 2.87425174651 0.0133455485608
57798.1914065 52.7012697834 43.3656596126 2.9000545284 0.0123502193031
57809.3183595 52.8129948074 43.6431571947 2.8931514178 0.0144912588426
57820.433594 52.8933950584 43.6992471316 2.89910622942 0.0144429942474
57831.557617 52.7440803066 43.3105537098 2.90968282893 0.0113846034378
57842.6816405 52.4381416895 42.9051317104 2.90160579732 0.00945001961881
57853.805664 52.3514764839 42.9563014773 2.88672644586 0.010734979144
57864.9296875 52.342079052 42.9868065307 2.88321961466 0.0111498488412
57876.053711 52.2209565961 43.3843562582 2.83766529146 0.0165490994728
57887.177734 52.4663339853 43.5742748162 2.85435390271 0.016612202776
57898.307617 52.5394251225 43.9659203399 2.83381457545 0.0203436353906
57909.4228515 52.869379399 44.1322220824 2.8630657769 0.0194429227014
57920.552734 52.9539562863 44.1046691309 2.87592418655 0.0184328243758
57931.673828 52.6020746686 43.8379959226 2.85151621968 0.0184045902206
57942.8066405 52.3692271887 43.4148613116 2.85415301575 0.0156551008877
57953.9189455 52.2501930509 42.973030055 2.87261011087 0.0117608779949
57965.0458985 52.1008782992 43.0596250451 2.84710952257 0.0139565813837
57976.1640625 52.0695535261 43.0596250451 2.84314003633 0.0142164967379
57987.2851565 52.2032058913 42.9868065307 2.86560676948 0.0123031086366
57998.4121095 52.0194338892 42.9070997784 2.84836354675 0.0129481817281
58009.527344 51.8387943644 42.7034047447 2.84093326088 0.0121986091234
58020.654297 51.8481917963 42.783111497 2.83608096035 0.0129998902103
58031.7753905 51.7813656137 42.9297325599 2.81650352379 0.0151717338225
58042.899414 51.8367060462 42.8480577396 2.8297025362 0.013811673665
58054.017578 51.5600038839 42.641410604 2.81036357887 0.0138242729565
58065.1503905 51.4263515187 42.2379566726 2.82401428919 0.0104859854891
58076.2685545 51.2864341989 41.9555389206 2.82768984591 0.00853670948456
58087.4013675 51.2279612891 42.0726389641 2.81145895696 0.0103076766612
58098.513672 51.1976806752 41.9388103429 2.81774900989 0.00908647710265
58109.643555 51.135031129 41.7370833772 2.82507441206 0.0073877415913
58120.761719 51.2561535849 41.8207262654 2.83404812426 0.00730550236819
58131.879883 51.1318986517 41.7636522947 2.82267375798 0.00770543401123
58143.009766 51.1037063559 41.7439716151 2.8206021335 0.00772218871858
58154.1308595 51.1120596287 41.6937858821 2.8254434984 0.00710205540896
58165.251953 51.0473217643 41.7872691102 2.81022097542 0.00866350489881
58176.381836 51.115192106 41.8669758625 2.812764869 0.00897859803537
58187.5058595 51.0650724691 41.7439716151 2.81572828663 0.00804132010192
58198.618164 51.003467082 41.5963665182 2.8190954495 0.00692947446554
58209.745117 51.0379243324 41.6701690666 2.8178734211 0.00745510516412
58220.863281 50.8802563079 41.7046102559 2.79539508552 0.00913495069755
58231.984375 50.9481266495 41.5963665182 2.81211737279 0.0073863873175
58243.111328 51.0045112411 41.7262590034 2.80942673186 0.00834694135378
58254.2353515 50.91262524 41.7292111054 2.79761858136 0.00913795118232
58265.359375 50.9449941722 41.6967379841 2.80414988399 0.00851415515205
58276.4833985 50.9888488546 41.747907751 2.80581769144 0.00871402694643
58287.607422 50.8938303762 41.7321632073 2.79502663252 0.00932549968619
58298.7226565 50.8677263986 41.5953824842 2.80205670322 0.00803920264708
58309.8496095 50.7006609421 41.510755562 2.78739093774 0.00848869680282
58320.9824215 50.7821053522 41.3621664312 2.80885011992 0.00618717009774
58332.109375 50.6578504189 41.5884942464 2.77613734359 0.00969477587403
58343.227539 50.5784943271 41.6682009987 2.76013394095 0.0112239053754
58354.357422 50.5899800772 41.466474033 2.77679389044 0.00891537065498
58365.475586 50.4427536437 41.4674580669 2.75819333205 0.0101392415672
58376.605469 50.2078178455 41.2096411644 2.74808054314 0.00924669161045
58387.723633 50.1890229817 41.325757174 2.73697258951 0.0106740266431
58398.853516 50.2777765054 41.4113681301 2.74167566125 0.0108824050232
58409.96875 50.4124730297 41.513707664 2.75089746019 0.0108960443347
58421.095703 50.4479744392 41.6426161152 2.74564041112 0.012018423326
58432.216797 50.4291795754 41.5235480038 2.75225684953 0.0108664198884
58443.3378905 50.4939174398 41.7675884306 2.74198958657 0.0130122788687
58454.458984 50.5795384862 41.7420035471 2.75469591973 0.0120257293032
58465.591797 50.6797777601 41.7695564985 2.7652362692 0.0115020147036
58476.709961 50.6045983047 41.9742355662 2.74031371419 0.0143710026004
58487.8427735 50.7445156245 42.1120003233 2.7475213656 0.014732332539
58498.955078 50.8374457846 41.9388103429 2.772317212 0.0120612756337
58510.082031 50.4834758487 41.5884942464 2.75418945617 0.0111318870227
58521.203125 50.1326383901 41.3415017176 2.72870232404 0.0113104925029
58532.3183595 50.3289403015 41.4674580669 2.74387983597 0.0110764654742
58543.451172 50.2965713693 41.3828311447 2.74618900639 0.0104147484663
58554.5722655 50.2193035957 41.4920589164 2.72824375732 0.0122487304705
58565.6933595 50.4281354163 41.5737337367 2.74834081666 0.0114257432319
58576.8203125 50.2903064147 41.5757018046 2.73086065737 0.0125821950481
58587.944336 50.3550442791 41.4389210815 2.74931330884 0.0105485191981
58599.0566405 50.2349659822 41.4202244359 2.73562727599 0.0113318672216
58610.189453 50.1650073223 41.3533101254 2.73187909966 0.011173693693
58621.3105465 50.0825187532 41.4704101689 2.71269139009 0.0131364450608
58632.43457 50.4166496661 41.7292111054 2.73516581757 0.0132272542387
58643.552734 50.3477351653 41.6347438434 2.73362726209 0.0127574910421
58654.6738285 50.0323991162 41.4851706786 2.70528458164 0.0137104941538
58665.7978515 50.050149821 41.3100126303 2.72071433224 0.0116436540274
58676.916016 49.9770586838 41.3395336497 2.70931320825 0.0125681913638
58688.0458985 50.1764930725 41.6406480473 2.71165777274 0.014231666469
58699.161133 50.3769716202 42.0519742505 2.70579912416 0.0171011051793
58710.291016 50.5241980537 42.1671062261 2.71561666698 0.0171548469514
58721.4179685 50.4093405524 41.9998204496 2.71381122462 0.0162610553754
58732.5390625 50.0292666389 41.6170312318 2.69494705707 0.0151832624495
58743.663086 49.7891100453 41.2982042225 2.68884270444 0.0136593571889
58754.78418 49.6084705204 41.0512116938 2.68479100938 0.0124362536655
58765.890625 49.462288246 40.9823293152 2.67165883844 0.0128813141015
58777.0146485 49.6168237933 40.9262393784 2.69524004465 0.0109995703185
58788.138672 49.7692710223 41.2686832032 2.68857816919 0.0134986992473
58799.265625 49.9499105471 41.8384388771 2.66827458515 0.0182671152366
58810.383789 50.2057295273 42.5449752741 2.6469735769 0.0239381071598
58821.5166015 50.7810611931 43.0793057247 2.67884876428 0.0250935812367
58832.634766 50.8134301253 42.8628182493 2.69935311137 0.0224363285726
58843.758789 50.8040326933 42.6266500943 2.71607095386 0.0199088909417
58854.876953 50.5711852134 42.3412802404 2.70835529076 0.0186847616091
58866.0009765 50.3717508247 42.0441019787 2.70573752347 0.0170575219751
58877.136719 50.3581767564 42.0204851632 2.70581529178 0.0169095893322
58888.2578125 50.3571325973 42.1621860562 2.69497293641 0.0184767887469
58899.384766 50.4469302801 42.3186474589 2.69443261051 0.0194593318239
58910.5058595 50.7883703068 42.8165686523 2.69970291321 0.0221327232315
58921.6328125 51.0755140601 43.3587713748 2.69474231265 0.0257518208658
58932.7597655 51.4743828374 43.7956824615 2.71186676781 0.0272907084407
58943.8808595 51.3114940174 43.6618538404 2.70147678406 0.0271556679232
58954.9960935 51.1600909474 43.4207655155 2.70070135255 0.0257387839596
58966.123047 51.0045112411 43.5034243697 2.67478936359 0.027938482912
58977.241211 51.1788858113 43.5880512919 2.69035123093 0.02743470542
58988.368164 51.4232190414 44.1351741843 2.67953190628 0.0314784325368
58999.486328 51.7792772955 44.8820559744 2.66750657633 0.0368316356254
59010.6191405 52.1572628908 45.8601857497 2.64038917849 0.0446091309612
59021.7373045 53.284954722 47.1984719613 2.68057655777 0.0502311597124
59032.8671875 54.3322463022 48.9106910849 2.68150039974 0.0608011001373
59043.9853515 55.2531946311 49.8750443844 2.72438558715 0.0640157537394
59055.115234 54.9357702638 48.9579247159 2.75518429815 0.0562707926527
59066.2363285 54.4053374395 47.6294788441 2.79034003595 0.0457124320424
59077.363281 53.4635059286 46.2351026957 2.77762799864 0.0379302717252
59088.487305 52.4068169164 44.6104625962 2.76779739027 0.0286027573667
59099.611328 51.2822575625 42.784095531 2.76445761046 0.017695638904
59110.723633 50.323719506 41.4930429504 2.74129454113 0.0114001248105
59121.853516 49.8465387959 41.1860243489 2.70449573561 0.0119582209394
59132.97168 49.634574498 41.0207066404 2.69035826684 0.0118880012894
59144.098633 49.6157796342 41.0197226064 2.68807657972 0.0120314763886
59155.216797 49.7243721809 41.5481488532 2.66188465499 0.0169323170151
59166.3496095 50.2422750959 42.313727289 2.66907156912 0.0210901359167
59177.464844 50.7716637611 42.7860635989 2.69991105446 0.0219339819044
59188.588867 50.8259600345 42.690612303 2.71398723062 0.0204332309093
59199.7128905 50.5784943271 42.0952717456 2.72788098998 0.0159171420111
59210.845703 50.222436073 41.652456455 2.71654002478 0.0139832870725
59221.955078 49.9540871835 41.4507294893 2.69804944857 0.0139764323057
59233.084961 49.9519988653 41.6258875376 2.68457858826 0.0159156435493
59244.2060545 50.3059688012 42.216307925 2.68444723579 0.0194935573314
59255.3183595 50.7727079202 42.9425250016 2.68817647685 0.023652048226
59266.4453125 51.0901322875 43.208214176 2.70802543015 0.0239665455413
59277.566406 51.3417746314 43.6894067918 2.70320400717 0.0272104018168
59288.6933595 51.865942501 44.5465003876 2.7041288175 0.0323805405811
59299.814453 52.4370975304 45.609257085 2.69515215687 0.0394811846144
59310.944336 53.2285701304 47.1482862283 2.67727179115 0.0501371737404
59322.0625 54.2142563236 48.3842329061 2.70734631023 0.055831664649
59333.189453 54.724850125 48.4048976196 2.7711421477 0.0517829093088
59344.310547 53.9908062756 46.8668525103 2.7962583993 0.0406068493341
59355.44043 52.8140389665 45.0030921539 2.7894942332 0.0295853930679
59366.558594 51.6539782031 43.8458681944 2.73075031625 0.0263601263963
59377.685547 51.5036192923 43.8114270052 2.7143628325 0.027223225896
59388.80957 51.8210436596 44.4904104508 2.70272975759 0.03212924787
59399.9365235 52.1332472314 44.5691331691 2.73625970194 0.0304150508253
59411.048828 52.2063383686 44.7255945718 2.73356749579 0.0315483794486
59422.1757815 52.2616788011 44.5819256108 2.75156540261 0.0294910838094
59433.296875 52.1551745726 44.1558388979 2.77058689729 0.0256424312911
59444.4208985 51.8419268417 43.724832015 2.76374727415 0.0234619396733
59455.544922 51.4555879736 43.2908730302 2.7478888827 0.0218589172731
59466.6748045 51.2394470393 43.0586410112 2.73822580943 0.0210801277433
59477.7900395 51.1057946741 42.9877905647 2.72673530935 0.0214021569288
59488.9140625 50.9272434675 42.5577677158 2.73681739371 0.0181328280236
59500.038086 50.4437978028 42.0903515757 2.71130363578 0.0169728334197
59511.1679685 50.4135171888 42.1651381581 2.70184079343 0.0180449580206
59522.283203 50.8572848076 43.1373637295 2.6840455924 0.0251060784765
59533.404297 51.1141479469 43.1462200353 2.71576336695 0.0230830725551
59544.53125 50.7633104883 42.6148416866 2.71183515552 0.0201146430932
59555.6523435 50.6160840548 42.358992852 2.71266675133 0.0185097308942
59566.779297 50.6150398957 42.3845777355 2.7105990316 0.0188000911583
59577.9033205 50.547169554 42.3954021092 2.70123678937 0.0194786843106
59589.024414 50.4323120527 42.0814952699 2.71052824458 0.0169700272386
59600.142578 50.2610699598 41.9250338672 2.7008184159 0.016659610044
59611.263672 50.3216311878 41.9250338672 2.70843157288 0.0161611131931
59622.3759765 50.2955272102 41.6829615084 2.72342532499 0.0137166634714
59633.5058595 50.0960928215 41.6032547561 2.70437846154 0.0144825366711
59644.6240235 50.2443634141 41.7980934839 2.70830447097 0.0154022294128
59655.753906 50.1869346635 41.886656542 2.69440025553 0.0168478704436
59666.87207 50.2944830511 41.9762036341 2.70115297643 0.0169470830118
59678.001953 50.1524774131 41.7626682607 2.69943244081 0.0157691255665
59689.1171875 50.0626797302 41.6504883871 2.6966187972 0.0152758119327
59700.24707 49.9697495701 41.3326454118 2.708914671 0.0125527490792
59711.365234 49.8507154323 41.2204655382 2.70242624487 0.0123012990956
59722.4863285 49.7494319993 41.1427268538 2.69557500489 0.0122814320292
59733.607422 49.7536086358 41.274587407 2.68616914456 0.0136920322298
59744.734375 49.7567411131 41.1702798053 2.69441725159 0.0125232637159
59755.861328 49.8601128643 41.4231765379 2.68833294619 0.0144464296906
59766.9824215 49.8131257046 41.3139487662 2.69066902833 0.0136347039979
59778.103516 49.8486271141 41.4448252854 2.68526005859 0.0147782394132
59789.2333985 49.9436455925 41.4310488097 2.69822233904 0.013846378996
59800.3515625 49.9238065695 41.4241605719 2.69625153002 0.0139338701971
59811.475586 49.8183465001 41.4467933534 2.68131285628 0.0150485691752
59822.6025395 49.9509547062 41.5560211251 2.68971736297 0.0151573932932
59833.7177735 49.8434063186 41.6268715716 2.67087701648 0.0168187410202
59844.8447265 49.9478222289 41.8108859257 2.67009278777 0.0179815633006
59855.9628905 50.0459731846 41.6898497462 2.6915508965 0.0158453481412
59867.095703 49.8622011825 41.6662329307 2.67026549506 0.0170964569028
59878.2167965 49.8820402054 41.4133361981 2.69182597769 0.0141583511806
59889.3378905 49.6533693619 41.372006771 2.66626121478 0.0155830019849
59900.470703 49.563571679 41.3178849021 2.65908487268 0.0157265158192
59911.635742 49.6095146795 41.3365815477 2.66343368782 0.01555450394
59922.794922 49.7577852722 41.3631504652 2.68002063441 0.0146286450979
59933.9160155 49.5969847703 41.2854117808 2.66571833601 0.0150963752501
59945.0371095 49.553130088 41.4025118243 2.65139963373 0.0167401071198
59956.169922 49.4873480645 41.0689243054 2.66828185079 0.0136239316274
59967.288086 49.3317683582 41.0334990822 2.65146613313 0.0145116334523
59978.4208985 49.3881529497 40.8455485921 2.67266222739 0.0119922765806
59989.524414 49.2545005845 40.7067998011 2.66636199243 0.0115701122265
