Time		Tb_f1		Tb_f2		Q		W
49577.6933595 59.8197772366 40.4489828986 2.78140483877 0.00250000772706
49588.8203128 59.8361675588 40.3515635346 2.78882318486 0.00142914340641
49599.9428713 59.8323431503 40.3387710929 2.78922308625 0.00132614216958
49611.0712893 59.8591140101 40.2669366124 2.79610204375 0.000444443742537
49622.1894533 59.9716608898 40.3564837045 2.80154623474 0.000625605137092
49633.3193363 60.0825687372 40.3161383114 2.81462795372 -0.000473221902326
49644.4418945 60.1262762633 40.3023618357 2.81965739127 -0.00088525377044
49655.5659182 60.0754662642 40.4479988646 2.80603537864 0.000881329409294
49666.6884765 60.0945883069 40.38010052 2.81194758045 8.63711034986e-05
49677.8125 60.1514080908 40.3899408598 2.81682208536 -0.000173703835503
49688.9291993 60.124090887 40.4125736413 2.81283687442 0.000223179464265
49700.0649418 60.1820033591 40.4096215394 2.8185846294 -0.000170905795769
49711.180176 60.1055151884 40.4844081218 2.80674019004 0.00105392339347
49722.3027342 60.1180811022 40.5906837916 2.80156954773 0.00203117808788
49733.423828 60.1224518548 40.5109770393 2.80677453372 0.00121131993216
49744.550781 60.2694184113 40.5867476556 2.8163658888 0.00103867796638
49755.6718747 60.1716228217 40.6211888449 2.80488799498 0.00199727268479
49766.798828 60.2278962615 40.5857636217 2.81242913896 0.00129053477531
49777.9199217 60.3502773346 40.6821989516 2.81841767664 0.00147820516607
49789.0410158 60.3431748616 40.6605502041 2.81903406288 0.00130766756835
49800.1635743 60.4087361508 40.710735937 2.82233273048 0.00139347012333
49811.2905277 60.4256728171 40.7058157671 2.82425943152 0.00123772246069
49822.4116213 60.4382387309 40.618236743 2.83072939718 0.000287473076751
49833.529785 60.4764828162 40.7028636652 2.8293309944 0.00088789097015
49844.6596682 60.5130878693 40.5828115197 2.84006696429 -0.000536888952116
49855.7822265 60.4874096977 40.7363208205 2.82837386477 0.00115178722289
49866.9077147 60.4764828162 40.5867476556 2.83630397811 -0.000266834946565
49878.0273438 60.5065317404 40.5434501606 2.84179817777 -0.000886823427368
49889.1542967 60.5398587291 40.6428375925 2.83904236764 -0.000108942989733
49900.290039 60.4420631394 40.4568551704 2.84078459988 -0.00134078693265
49911.4140628 60.3650286247 40.5621468062 2.8270466278 0.000191452884001
49922.5410158 60.3699457213 40.5188493111 2.8301190199 -0.000269932397389
49933.6665043 60.2967356151 40.5867476556 2.81899514394 0.00086651871434
49944.7846682 60.2677793791 40.4007652336 2.82736955235 -0.000799322079826
49955.9086915 60.1787252947 40.5031047674 2.81265993129 0.000778649696117
49967.0327147 60.1213591666 40.3259786512 2.81776823719 -0.000619758994672
49978.1494143 60.1202664785 40.3397551269 2.81683694147 -0.000476058321273
49989.2792967 60.0563442216 40.4037173355 2.80685346687 0.000561768219605
50000.398926 60.1251835752 40.3417231948 2.8171918215 -0.000487477596385
50011.5244143 60.0803833609 40.3987971656 2.80946006229 0.000361540880595
50022.6469725 60.1251835752 40.4165097773 2.81270582658 0.000255403042356
50033.7753905 60.1464909942 40.4598072723 2.81215743435 0.000551407627007
50044.897949 60.1066078766 40.3564837045 2.81452003643 -0.000223897810162
50056.0219728 60.0148220718 40.4007652336 2.80303869004 0.000793822299633
50067.1401365 59.9885975561 40.4598072723 2.79697555725 0.00154549167827
50078.2612308 60.1820033591 40.4135576753 2.81834849176 -0.000131801409711
50089.3940428 59.9896902443 40.4706316461 2.79643105708 0.00164617632937
50100.5166012 60.1415738975 40.4401265928 2.81286535539 0.000386822384868
50111.6420897 60.1574178757 40.3919089278 2.81728211714 -0.000192005747364
50122.760254 60.1749008861 40.4233980151 2.8170748565 1.07020580802e-05
50133.8886717 60.1426665856 40.3082660396 2.82087980854 -0.000929847927955
50145.0126955 60.1759935743 40.3673080783 2.82054470282 -0.00055337985446
50156.1323243 60.0984127154 40.4981845975 2.80523039675 0.00123555893798
50167.254883 60.0754662642 40.3761643841 2.81034489954 0.000167672863313
50178.3847658 60.073827232 40.428318185 2.80705859785 0.000696104912013
50189.5014647 60.001709814 40.4096215394 2.80124696331 0.000964335731295
50200.6313478 59.9935146528 40.383052622 2.80205305813 0.000751977560844
50211.746582 60.0978663714 40.3653400103 2.81314818675 -8.0887255086e-05
50222.8662107 60.0295733618 40.4155257433 2.80357126412 0.000847608259877
50233.9902345 59.9858658357 40.4489828986 2.79736248986 0.00145512728579
50245.1113283 60.0088122869 40.4037173355 2.80228388655 0.000860976735418
50256.2338868 60.0224708888 40.2157668455 2.81486756676 -0.00109142121126
50267.3535158 60.0006171258 40.2620164425 2.80999423684 -0.000494728555628
50278.4833985 60.0333977704 40.3151542774 2.80995925402 -0.000173431423026
50289.598633 60.159603252 40.3299147871 2.82121070129 -0.000821531745094
50300.7299805 60.0869394898 40.2029744038 2.82183281266 -0.00162426591093
50311.8525393 60.0049878784 40.3151542774 2.80722818044 5.39473083188e-06
50322.9809567 60.0989590595 40.4174938112 2.81012471172 0.0004303209069
50334.099121 60.0940419628 40.3210584813 2.81543618624 -0.000496602209986
50345.2246092 60.1612422842 40.333850923 2.82113230913 -0.000792764290247
50356.3413085 60.181457015 40.3269626852 2.82349004555 -0.000988505004309
50367.4609372 60.180910671 40.3220425153 2.823732548 -0.00103392581658
50378.5878905 60.2054961544 40.2334794571 2.83140796037 -0.00206815209141
50389.7148438 60.1989400255 40.2344634911 2.83071818655 -0.0020170806936
50400.8359375 60.0978663714 40.1153953797 2.82813200554 -0.00256220724538
50411.957031 59.9186655144 40.2797290542 2.80105633539 0.000196837850254
50423.0839845 59.9345094926 40.1537727048 2.81012892092 -0.00115315250223
50434.2109372 59.872772612 40.1547567388 2.80413830192 -0.000754992584015
50445.3276368 59.9651047608 40.1901819621 2.81088708225 -0.000984325506616
50456.45166 59.9771243305 40.0848903263 2.81835159899 -0.00210478914126
50467.5786133 59.9989780936 40.3003937677 2.80753562444 -0.000103356347632
50478.693848 59.9940609969 40.2905534279 2.80765304081 -0.000170121587919
50489.8222658 60.0317587381 40.2669366124 2.81269288457 -0.00064189690863
50500.9418945 59.9973390613 40.3062979716 2.8070240346 -3.44109012809e-05
50512.0717772 59.9978854054 40.1153953797 2.81851944646 -0.00193279287159
50523.1899415 59.973299922 40.1153953797 2.81615638622 -0.00177806361879
50534.3183595 59.9656511049 40.193134064 2.81076265222 -0.00095846275721
50545.437988 59.8170455162 40.2098626416 2.79548282637 0.000142425590172
50556.5649418 59.8531042252 40.2236391174 2.79812043021 5.23998000049e-05
50567.6845702 59.8449090641 40.238399627 2.79644840691 0.000250472324366
50578.8129885 59.8673091712 40.2118307096 2.80019278802 -0.00015416371232
50589.9311523 59.837260247 40.1990382679 2.79807316467 -9.21450045063e-05
50601.0566405 59.8509188489 40.2206870154 2.79808747116 3.68403271287e-05
50612.1748045 59.6908400346 40.1793575883 2.78519386448 0.000633069526076
50623.3017575 59.8602066982 40.0543852729 2.80894483275 -0.00167181265333
50634.4228515 59.7542159474 40.1586928747 2.79251631911 2.96123731656e-05
50645.5527345 59.7716989579 40.1409802631 2.79525641829 -0.000256077524308
50656.6708982 59.6700789597 40.2511920688 2.77889530219 0.00147660397193
50667.794922 59.7930063768 40.2590643406 2.79022471835 0.000782026150353
50678.9160158 59.8356212148 40.2757929182 2.79331446438 0.000680133658304
50690.0473633 59.779894119 40.1134273117 2.79769430287 -0.00058100342644
50701.162598 59.7968307854 40.1872298601 2.79489803755 4.48954808892e-05
50712.2851562 59.6820985293 40.2118307096 2.78240848521 0.00101032284434
50723.4106448 59.7432890659 40.1882138941 2.78969798553 0.00039129122825
50734.5273438 59.6596984222 40.1852617922 2.78185110157 0.000887377225966
50745.6499023 59.6099811113 40.1832937242 2.77719819515 0.00118023198222
50756.7709963 59.6498642288 40.1665651466 2.78202785698 0.000763614329922
50767.890625 59.7411036896 40.191165996 2.78931123683 0.000434330018828
50779.026367 59.6733570241 40.2256071853 2.780743682 0.00120201220078
50790.148926 59.6760887445 40.1645970786 2.78466262878 0.00057928498133
50801.2773438 59.6990351957 40.2521761027 2.78161558203 0.00130439117527
50812.3984372 59.7596793882 40.240367695 2.78814545023 0.000805948695232
50823.5253905 59.8001088498 40.3269626852 2.78683546242 0.00141157610809
50834.650879 59.7618647645 40.333850923 2.78274998258 0.00172044658692
50845.7690428 59.7547622915 40.3397551269 2.78171394686 0.00182373692434
50856.8916012 59.8460017522 40.3653400103 2.7889414802 0.00150412761179
50868.0170897 59.8279723977 40.3614038744 2.78744585372 0.0015784211107
50879.1337893 59.8531042252 40.4174938112 2.78649515601 0.00197754489697
50890.2636717 60.0148220718 40.3653400103 2.8051636706 0.000441925576977
50901.383301 59.9208508907 40.3623879084 2.79630934112 0.00100396407517
50912.5073243 60.0175537922 40.5660829421 2.7933804745 0.00241951443335
50923.648926 60.1749008861 40.4834240878 2.81347311626 0.000607150145162
50934.781738 60.1694374454 40.5149131752 2.81105773063 0.000954516018558
50945.8955075 60.1016907799 40.5621468062 2.80170646435 0.00185068462274
50957.0180662 60.0754662642 40.3643559764 2.81105318782 5.0380343142e-05
50968.1450198 60.0099049751 40.289569394 2.80923502167 -0.000279614627434
50979.260254 59.9640120727 40.4814560199 2.7933135154 0.00191534245546
50990.3886717 59.9940609969 40.5040888014 2.79484335135 0.00195116264256
51001.5097658 59.9667437931 40.4047013695 2.79818135431 0.00113551415626
51012.6308592 59.9694755135 40.4076534714 2.7982667961 0.00114765102672
51023.7519533 59.9656511049 40.5080249373 2.79187654407 0.00216907624608
51034.8847658 60.0934956188 40.4725997141 2.80629291939 0.00101226225997
51045.998535 60.2011254018 40.7382888884 2.80069319019 0.00297610939413
51057.1225588 60.2289889497 40.7373048544 2.80343329882 0.00279077279848
51068.2436522 60.3737701299 40.853420864 2.81039207734 0.00303371833085
51079.3632812 60.374862818 40.7619057039 2.81599676561 0.00211611638761
51090.490234 60.4808535688 40.9409998881 2.81544072867 0.00323027620317
51101.6069338 60.4349606664 40.8416124562 2.81699466308 0.00253033266519
51112.7265628 60.410375183 40.9301755144 2.80930294904 0.00356700559627
51123.8535158 60.5496929224 40.8967183591 2.82473591248 0.00235508940455
51134.976074 60.5010682996 40.8632612038 2.82206173883 0.00232882716334
51146.1030272 60.5147269015 40.8819578494 2.82225388282 0.00242876855646
51157.2211912 60.5256537831 40.9646167036 2.81833702916 0.0031828137962
51168.3452147 60.518004966 40.8829418834 2.82251058314 0.00241788274035
51179.4619143 60.4939658266 40.8691654076 2.8210225567 0.00243240358304
51190.5830077 60.4650095906 40.8868780193 2.81716826441 0.00279137910636
51201.7084963 60.5802881907 40.9606805677 2.8238388413 0.0027988662089
51212.8339842 60.5196439982 40.9833133492 2.81663360212 0.00340692269731
51223.955078 60.5677222769 40.901638529 2.82617766217 0.00229030061641
51235.082031 60.5595271158 40.9203351746 2.82426381151 0.00252815745877
51246.2045897 60.5961321689 41.0256268103 2.82146003466 0.0033456957956
51257.330078 60.6261810931 41.1505991257 2.81683760873 0.00440118177963
51268.4511717 60.87640668 41.321821038 2.83066597143 0.00452779509623
51279.570801 60.9157434535 41.5353564115 2.82159674926 0.00640981512025
51290.6948243 60.9501631303 41.8030136538 2.80877585901 0.00886564886809
51301.8217777 61.4101848425 42.2084356532 2.82874965874 0.0100096143623
51312.9458007 61.4773851639 42.3757214297 2.82513588725 0.0112591531091
51324.0639647 61.4844876369 42.313727289 2.82957335387 0.0105931359776
51335.1879882 61.3976189288 42.3215995608 2.8206909111 0.0112224153709
51346.3061522 61.6019516133 42.4623164198 2.83195596174 0.0113372042413
51357.4257812 61.442419143 42.2458289444 2.82960798181 0.0101797659897
51368.5527345 61.1839983949 42.1375852067 2.81115886226 0.0107326502747
51379.6723632 61.3096575325 42.4839651674 2.80235838824 0.0134063891581
51390.7963868 61.4986925829 42.2960146774 2.8320195485 0.0103257075158
51401.9189452 61.2976379628 41.8846884741 2.83742137168 0.00748357969967
51413.0444338 61.0359391503 41.4920589164 2.83581262523 0.00521768984989
51424.168457 60.804835606 41.1712638392 2.83282390022 0.00347894631265
51435.2924805 60.5447758257 40.9429679561 2.82148143043 0.00284658910047
51446.413574 60.4830389451 40.9272234124 2.81647958818 0.00307932021836
51457.5434567 60.4928731385 41.0039780628 2.81281145252 0.00378162209032
51468.6572265 60.5130878693 40.9439519901 2.81836883472 0.00305632072417
51479.7753905 60.5420441054 41.0344831161 2.8157144631 0.00377524229127
51490.8906247 60.5808345348 41.1013974267 2.81542725658 0.0041970966132
51502.0161132 60.5496929224 41.1171419704 2.81147860238 0.00455049960082
51513.1386717 60.5595271158 41.1899604848 2.80804394176 0.00521416745486
51524.2729493 60.6463958239 41.3109966643 2.80913017219 0.00587265513706
51535.385254 60.7201522742 41.559957261 2.80124130149 0.00789113967219
51546.5078128 60.8676651748 41.6012866881 2.81298124431 0.00737191555353
51557.6333007 60.8709432393 41.654424523 2.81009316657 0.00788185695096
51568.75 60.926670335 41.4310488097 2.82893790892 0.00529973084501
51579.8740235 60.7649524885 41.3041084264 2.8209784344 0.00505531786705
51590.9936522 60.8234113046 41.5717656687 2.81049061532 0.00735678772028
51602.1206055 60.9233922706 41.8541834207 2.80310291066 0.00954632182887
51613.2402345 61.1430225892 41.8650077945 2.82366272397 0.0082655195937
51624.3701173 61.2222424803 41.9319221051 2.82727968463 0.00843316973367
51635.492676 61.3533650586 42.2901104735 2.81831422664 0.0111873590957
51646.6166993 61.5221853781 42.5617038517 2.81821632137 0.0128392122474
51657.7392577 61.7920793518 42.596145041 2.84227499145 0.0114726889204
51668.8691405 61.6997472029 42.688644235 2.82772479161 0.0129863375167
51679.9858397 61.7177765574 42.5636719197 2.83704041228 0.0116185725992
51691.1127928 61.7696792447 42.6246820264 2.83837570276 0.0119010356216
51702.2294923 61.7904403196 42.3304558666 2.85819586778 0.00882028593696
51713.3505857 61.7609377395 42.3934340413 2.85152658592 0.00963842648412
51724.4746095 61.6407420427 42.2251642309 2.85005818286 0.00871562644019
51735.6015628 61.60686871 42.4623164198 2.83243215399 0.0113060239654
51746.7226565 61.7265180627 42.3698172258 2.84961987501 0.00962022000555
51757.8496092 61.7915330077 42.5282466964 2.84633304888 0.0107953726081
51768.9707033 61.735805912 42.5666240216 2.83860870902 0.011533779081
51780.1005863 61.8106550504 42.6561711137 2.84044022562 0.0119568059194
51791.2202145 61.9335824676 43.0320720937 2.82957282933 0.0149498702404
51802.338379 62.3875943949 43.5703386803 2.8409619564 0.0174775100357
51813.4624022 62.6695079383 43.9491917622 2.84532531686 0.0195003003475
51824.5922853 62.8399672901 44.0584195339 2.85526806939 0.0195155339069
51835.7089845 62.9033432029 44.14895066 2.85592437347 0.0200250212707
51846.8330077 62.8760259991 43.7592732043 2.87699845852 0.0162686775897
51857.9584963 62.6143271866 43.3735318845 2.87497496731 0.0140526651354
51869.07666 62.3056427835 43.0310880597 2.86575149866 0.0125749738775
51880.205078 62.0783636478 43.1649166809 2.83555857774 0.0153651005804
51891.3276368 62.3438868688 43.6490613986 2.83192605956 0.0185485421897
51902.4487305 62.8230306237 44.292619621 2.83933937678 0.0219881552485
51913.5712893 63.1382711557 44.573069305 2.85294862105 0.0228109131334
51924.6953128 63.3857650222 44.7767643387 2.86465831533 0.0232902981534
51935.8134765 63.3245744857 44.5543726594 2.8722712786 0.02143137497
51946.9433595 63.1568468543 44.1046691309 2.88333886392 0.0179597135034
51958.0615232 62.8126500862 43.8812934177 2.8633969868 0.017902989123
51969.1958007 62.8137427744 44.1597750338 2.84653597329 0.0207058277019
51980.3110353 62.911538364 44.1302540144 2.8578626394 0.0197839938968
51991.4321287 62.9503287935 43.9659203399 2.87165651029 0.0178781983271
52002.5561522 62.6940934217 43.2967772341 2.88740071948 0.0127722085008
52013.6743162 62.0925685937 42.7004526428 2.86510391454 0.0106104383371
52024.7998045 61.757659675 42.2271322988 2.86126701332 0.00799360414819
52035.9150393 61.6019516133 42.3215995608 2.84046966234 0.00992733564996
52047.0493168 61.6942837622 42.5134861867 2.83780245645 0.0112644789145
52058.1674805 61.7795134381 42.6817559972 2.83587185926 0.0124111023324
52069.290039 61.8740309632 42.5164382887 2.85504588053 0.0101533002822
52080.4096682 61.9914949396 42.972046021 2.83883198736 0.0139790274075
52091.5307618 62.2225984839 43.1383477635 2.85117541195 0.0141810658775
52102.6547853 62.2264228924 43.0871779966 2.85465236353 0.0136424729319
52113.7714845 62.1548518184 43.1521242392 2.84376033851 0.0147503156259
52124.9013673 62.4192823513 43.6756303161 2.83763802783 0.0183363584057
52136.023926 62.7186789051 43.8557085342 2.85580452114 0.0182441595046
52147.1479493 63.0104266418 44.338869218 2.8547782171 0.0212597403255
52158.2705077 63.4496872791 45.2973183136 2.83904525522 0.0281569274949
52169.397461 64.0796219991 46.3994363702 2.83298849307 0.0353302799513
52180.515625 65.0411875732 47.2132324709 2.8772290449 0.0374583721627
52191.6440428 65.1275099373 47.1689509419 2.8884627563 0.0364489244683
52202.7607423 64.8095376849 46.5627860108 2.89456915509 0.0323052696897
52213.8818357 64.7680155351 46.5942750981 2.88854711215 0.0328938226509
52225.0058595 64.9133430594 46.9829685198 2.87886831375 0.0359274243905
52236.1328128 65.2744764938 47.2604661019 2.89728530269 0.0364373222168
52247.2539065 65.1477246681 46.8520920006 2.91001190656 0.0330796870279
52258.3852543 64.5106874752 45.6318898665 2.92243938508 0.0247502123925
52269.5019533 63.678059103 44.5474844215 2.90723146823 0.0191001233709
52280.621582 63.1218808334 44.1341901503 2.87812867147 0.0184810308491
52291.7456052 63.0486707272 44.1400943542 2.87062930802 0.0190081119731
52302.8652345 63.1284369623 43.9757606797 2.8884224344 0.0168404091435
52313.9936522 62.9415872882 43.820283311 2.8796731403 0.0164653497712
52325.1118162 62.9426799764 43.8370118886 2.8787612272 0.0166270242202
52336.2402345 63.033373093 43.8606287041 2.88616370061 0.0162862841547
52347.3613283 63.0093339537 43.8389799566 2.88513816021 0.016221469494
52358.4897463 62.8503478275 43.9344312526 2.86383285311 0.0181984455194
52369.6049805 63.0049632011 44.3526456937 2.85340505681 0.0214338108546
52380.726074 63.3600868506 44.9843955083 2.84945293099 0.025557251008
52391.8515625 63.9200895288 45.6210654928 2.8652000137 0.0284316581001
52402.9697265 64.5205216686 47.1571425341 2.82950960993 0.0402360519209
52414.0952147 66.0912608878 50.2105999713 2.7944351118 0.0615431165401
52425.219238 68.1296706363 52.7651521811 2.83622633042 0.0749102069527
52436.3432618 69.3687790012 53.3053868356 2.9261274446 0.0724528626904
52447.4658202 69.0349627706 51.8322879689 2.98580611238 0.0592140103255
52458.5913085 67.3850036603 49.2954483707 2.97998697112 0.0436689404265
52469.713867 65.8104400326 47.0036332334 2.96602657395 0.0303481478579
52480.8378905 64.4746287662 45.3012544495 2.93917129449 0.0216249859538
52491.9589842 63.4311115806 44.0259464126 2.91490886534 0.015412241148
52503.088867 62.9618020191 43.7671454761 2.8848776706 0.0158007293416
52514.2055662 62.8940553536 43.8763732478 2.8716265552 0.0173341347925
52525.3339845 62.7700352483 43.6510294666 2.87326113396 0.0158539768003
52536.447754 62.5902880472 43.1531082732 2.88602222191 0.0119890582314
52547.5703128 62.3280428906 42.8460896717 2.8791472439 0.0105745612426
52558.6958007 62.0685294544 42.5085660168 2.87439086139 0.00883891140258
52569.8125 61.8833188125 42.3668651238 2.86499796986 0.00859540712045
52580.9365235 61.7620304276 42.4377155703 2.84895307609 0.0100752023584
52592.0561522 62.022636552 42.596145041 2.86463481762 0.0100086047082
52603.1845702 62.1597689151 42.6630593516 2.87389300442 0.00980814778239
52614.3027345 62.1712421407 42.6640433855 2.8749474389 0.00974507300469
52625.4326173 62.1756128933 42.7368619 2.87096031665 0.0104478331767
52636.555176 62.3067354716 42.7506383757 2.88286195857 0.00975211200495
52647.6821287 62.3750284812 42.6837240651 2.89355274607 0.00864619050048
52658.8032225 62.3335063314 42.7653988854 2.88456882185 0.00972990336554
52669.925781 62.4832046083 43.0310880597 2.88301113814 0.0114448414031
52681.0424805 62.4897607372 42.9297325599 2.8897964712 0.0103850234436
52692.1650393 62.4821119201 43.0517527733 2.88165112115 0.0116594215347
52703.2905272 62.6542103041 43.3656596126 2.8793344185 0.0137193274864
52714.4160158 62.6738786909 43.111778846 2.89666511157 0.0110410241307
52725.5371095 62.4766484793 43.2416713313 2.86959196722 0.0136032247002
52736.6640628 62.5367463277 43.252495705 2.87477945989 0.0133293676016
52747.7866213 62.5209023495 42.8175526863 2.89962633563 0.00906043183077
52758.9121092 62.3050964394 42.8578980794 2.87620173254 0.010839100532
52770.0332033 62.2122179464 42.5351349343 2.88673286725 0.00819181092157
52781.152832 61.8838651566 42.0952717456 2.88147164503 0.0058726713453
52792.2768552 61.686088601 42.030325503 2.86622579019 0.00647808178999
52803.4038088 61.9680021444 42.3156953569 2.87630662356 0.00754503704316
52814.5278317 62.0231828961 42.3255356967 2.88106517778 0.0072930453616
52825.645996 62.0953003141 42.5430072061 2.87490429896 0.00901404305847
52836.7700192 62.35208203 42.7919678028 2.88476385239 0.00987834448684
52847.8881838 62.3679260082 42.5676080556 2.89989478277 0.00752683431128
52859.0078128 62.0526854762 42.1926911095 2.89196096727 0.00577534731347
52870.1376952 62.0581489169 42.3776894976 2.88130347998 0.0075933135718
52881.2543945 62.1712421407 42.4140987548 2.89007923511 0.00723924795783
52892.3784182 62.2832426764 42.3284877987 2.90613674658 0.00566927840383
52903.5009765 62.1073198838 42.0352456729 2.90677825688 0.00385253224809
52914.6264647 61.9171921453 41.8581195566 2.89902637766 0.00328920160625
52925.750488 61.9264799946 41.9929322118 2.8917870095 0.00457823158395
52936.8745118 62.065797734 42.1631700902 2.89501797297 0.0053965174928
52947.998535 62.3728431049 43.0369922636 2.8719237098 0.0122066919034
52959.1254885 62.9077139555 43.9049102332 2.87121964913 0.017534763334
52970.2407225 63.5004972782 44.432352446 2.89690348923 0.0190726201981
52981.363281 63.4731800744 43.8478362624 2.92986652912 0.0133467146511
52992.4843747 63.2043787889 43.4089571077 2.93031662025 0.0106445020764
53003.6098632 63.0863684684 43.7140076412 2.90025557527 0.0144700475992
53014.7324217 63.348613625 43.9560800001 2.91110840645 0.0152349407345
53025.8623045 63.2546424439 43.6884227578 2.91822894092 0.0131373225461
53036.9804688 63.1278906182 43.6559496365 2.90783748708 0.0136199414354
53048.1088868 63.2207691112 43.3853402922 2.93335102987 0.0103021327983
53059.2314452 62.8569039564 42.8126325164 2.93263034959 0.00686952527498
53070.3510743 62.5361999837 43.0635611811 2.8861950231 0.011433629972
53081.4721682 62.7072056795 42.9326846618 2.91077414592 0.00902936434317
53092.5947265 62.5930197676 42.8008241086 2.90765569458 0.00843316597699
53103.7202147 62.5077900917 42.922844322 2.89196756059 0.0102010420268
53114.838379 62.5148925647 42.5243105605 2.91680494008 0.00615713316026
53125.9667967 62.252101064 41.9998204496 2.92297719178 0.00257760574605
53137.09375 62.0603342932 41.8492632508 2.91344843341 0.00229134518535
53148.2148438 61.7702255888 41.9181456294 2.88115368477 0.00482230451536
53159.3403323 61.7975427926 41.9555389206 2.88154345127 0.00502285487766
53170.4628905 61.9428703169 41.8256464353 2.90347702529 0.00280153510294
53181.5795897 61.9308507472 41.698706052 2.90997066631 0.00160946259466
53192.7065428 61.9374068761 41.747907751 2.90763827377 0.00205937450069
53203.8305662 61.9975047245 41.8679598964 2.90622303679 0.00287745006512
53214.9545897 62.036841498 42.0765751 2.89744093975 0.00471392042882
53226.080078 62.0789099918 42.0893675417 2.90075074533 0.0045745886192
53237.2011717 62.1914568715 42.0529582845 2.91387721207 0.00349484027537
53248.328125 62.0248219283 42.1306969689 2.89300413526 0.00533187797085
53259.4506838 61.9718265529 42.0903515757 2.89030040799 0.00526481247656
53270.5791015 62.0319244013 42.1474255465 2.89268231542 0.00545417521982
53281.6972658 62.0182657994 42.0441019787 2.89760032874 0.00450705459505
53292.8271485 62.1215248298 42.1021599835 2.90411435264 0.00443173820672
53303.949707 62.2455449351 42.2714138279 2.90592637484 0.00533745876698
53315.0737305 62.2291546128 42.3156953569 2.90165634695 0.00588517933541
53326.1962893 62.2023837531 42.3767054636 2.89536577662 0.00666657728533
53337.3203128 62.2204131076 42.312743255 2.90098586767 0.00591120453473
53348.4370118 62.2624816015 42.5548156139 2.89042356059 0.00806944640724
53359.5727537 62.3602771911 42.5587517498 2.89968761802 0.00748671174026
53370.687988 62.431301921 42.6148416866 2.90319510363 0.00759710196349
53381.806152 62.4012529968 42.594176973 2.9015253476 0.0075811420207
53392.9331052 62.3646479437 42.54891141 2.90070818463 0.00736023649532
53404.0439455 62.3859553627 42.7713030893 2.88930842652 0.00945538510137
53415.1694338 62.481019232 42.7939358708 2.89717903024 0.00907736161736
53426.286133 62.4493312755 42.9090678463 2.8871182986 0.0104349231599
53437.4130863 62.5148925647 42.7899997349 2.90071179529 0.00882215750561
53448.5166015 62.4870290168 42.5311987984 2.91367815083 0.00640362060867
53459.6464845 62.3946968679 42.3284877987 2.91696766809 0.0049600876855
53470.7705077 62.2100325701 42.1415213426 2.91032969341 0.00426292696545
53481.8959963 62.0330170894 41.982107838 2.90277642689 0.00379320681871
53493.0229493 62.0854661208 42.0618145903 2.90305184801 0.00425723805258
53504.1484372 62.0341097776 41.8984649498 2.90793325664 0.00294985219213
53515.2709963 61.9920412837 41.9407784109 2.90129647884 0.00364021637335
53526.390625 61.958167951 42.0942877116 2.88873757649 0.0053909569608
53537.520508 62.2215057957 42.0814952699 2.91507134713 0.00358927509197
53548.637207 62.2581108488 42.0618145903 2.91981599793 0.00315954941023
53559.7612305 62.2821499882 41.9053531876 2.9316010378 0.00144176380254
53570.8837893 62.3089208479 41.984075906 2.92944827128 0.0020586796926
53582.0107423 62.3815846101 42.1808827018 2.9246183426 0.00356552913185
53593.1289062 62.4842972964 42.311759221 2.92669079772 0.00422212964662
53604.2558595 62.6088637458 42.1946591775 2.94588836752 0.00225618249249
53615.3740232 62.6017612728 42.3097911531 2.93823571908 0.00345426980327
53626.5083007 62.5782684775 42.4111466529 2.9298186195 0.00461929496903
53637.6235353 62.5618781552 42.3521046142 2.93179613013 0.00413217402124
53648.7460938 62.6951861098 42.5420231721 2.93327516164 0.00518605136092
53659.8671875 62.6858982606 42.4967576091 2.93511126445 0.0047914758878
53670.9941408 62.6924543895 42.7368619 2.92120851436 0.00715766479988
53682.1152345 62.6842592283 42.8864350648 2.91134495011 0.00871120374532
53693.2451173 62.7110300881 42.7437501378 2.92259936936 0.0071083825788
53704.3647463 62.7301521307 42.7732711572 2.92267204519 0.00728273212178
53715.484375 62.682073852 42.8067283125 2.91596411257 0.0079249732129
53726.611328 62.8498014834 43.1993578702 2.90847882657 0.0107997449909
53737.7265628 62.9984070722 43.537865559 2.90239308756 0.0132574063521
53748.8535158 63.1579395424 43.725816049 2.90651786519 0.0141319439955
53759.9746092 63.2584668525 43.9472236943 2.90284768324 0.015721829558
53771.094238 63.4961265256 44.1322220824 2.9147836013 0.0160689154782
53782.2065428 63.6594834044 44.6498239554 2.89916396428 0.0202542312183
53793.3261717 63.9091626473 44.8180937658 2.91330902295 0.0203577003304
53804.45166 63.8610843686 44.7354349116 2.91365548326 0.0198291209135
53815.574219 63.5442048043 44.6094785622 2.89035923578 0.0205839833301
53826.7011717 63.4442238384 44.2847473491 2.90041217902 0.0179411312147
53837.8295897 63.5267217939 44.5455163536 2.89255718982 0.0200489376338
53848.9462893 63.7163031884 44.7177222999 2.90057197442 0.0205774250902
53860.0761717 63.7086543713 44.6842651446 2.90186835637 0.0202878409147
53871.1943363 63.663307813 44.7285466737 2.89472758079 0.0210263388454
53882.3256838 63.7447130803 44.7068979262 2.90401244616 0.0202859192498
53893.443848 63.7621960908 44.7108340621 2.9054822359 0.0202137629488
53904.5722658 63.6906250168 44.7236265038 2.89769969773 0.0208016234678
53915.6933592 63.6359906091 44.5701172031 2.90173567095 0.0195983667156
53926.8188477 63.67095663 44.5957020865 2.90359206587 0.0196332676635
53937.9355467 63.6671322215 44.4599053974 2.91151014059 0.0182845907086
53949.0654295 63.5179802887 44.2325935482 2.91079926984 0.0169425226854
53960.1850585 63.3458819047 43.9206547769 2.91299931481 0.0148951012578
53971.3120118 63.1590322306 43.7317202529 2.90626518055 0.0141844611007
53982.4345702 63.0918319092 43.8330757527 2.89354149137 0.0156352449475
53993.5600585 63.0770806191 43.6835025879 2.90120588072 0.0142219932963
54004.6826173 63.0530414798 43.7760017819 2.89323305823 0.0153076000415
54015.8081052 63.1109539519 43.6480773646 2.90666443958 0.0136488042115
54026.9306643 63.0847294362 43.4935840299 2.91350163556 0.012260497069
54038.0561522 62.9426799764 43.3302343894 2.90958015178 0.0115234111351
54049.1816408 62.9776459973 43.444382331 2.9060521689 0.0124488471949
54060.3027345 62.9874801906 43.20919821 2.92129727046 0.0100202320251
54071.4282228 62.9601629868 43.1275233897 2.92359274173 0.0093735206873
54082.5522463 62.9503287935 43.3627075107 2.90835279182 0.01180129509
54093.671875 63.0863684684 43.6165882773 2.90618207659 0.0134886191406
54104.7958985 63.3431501843 43.6539815685 2.92896419272 0.0122246131448
54115.911133 63.38412599 43.8557085342 2.92068860619 0.0139956575777
54127.0424805 63.3977845919 43.5762428842 2.93902751292 0.0110922881687
54138.1650393 63.326759862 43.5555781706 2.93334872733 0.0113383130057
54149.2905272 63.176515241 43.3203940496 2.93297876538 0.00993146022853
54160.4086915 63.1186027689 43.0497847053 2.943757931 0.00758081539197
54171.5385743 63.0158900826 43.0074712442 2.93630932331 0.00781151747394
54182.6596677 63.119149113 43.0891460645 2.94142281662 0.00797284554276
54193.7866213 63.1240662097 43.0704494189 2.94303695548 0.00775356225798
54204.9018555 63.1224271775 43.2849688264 2.92985422513 0.00992061590524
54216.0273438 63.240983842 43.3361385933 2.93831297566 0.00967794402883
54227.1484375 63.2874230885 43.3873083602 2.93973671644 0.00989598153969
54238.269531 63.3103695397 43.4660310785 2.93719254548 0.0105415678871
54249.3964845 63.3688283559 43.3912444961 2.94744528232 0.00941518352374
54260.5263673 63.3447892165 43.4197814815 2.94336388147 0.00985604788908
54271.6416015 63.3294915824 43.1472040693 2.95842522875 0.00721234773655
54282.7758787 63.2065641652 43.0970183363 2.94947291971 0.00749356920063
54293.8940428 63.2502716913 43.205262074 2.94716773673 0.00830234967097
54305.013672 63.1858030903 43.3184259816 2.93400447449 0.00985232908278
54316.1347658 63.3109158838 43.4739033503 2.9367673759 0.0106173160554
54327.257324 63.413082226 43.6411891268 2.93657155603 0.0116485842063
54338.3828125 63.5054143749 43.8261875149 2.93433399097 0.0129222346368
54349.5024415 63.5977465238 43.9186867089 2.93772582985 0.0132640497243
54360.6308595 63.6430930821 43.8419320585 2.94683290811 0.0121997946041
54371.750488 63.5567707181 43.7317202529 2.94510253573 0.0116414557063
54382.8745118 63.5190729768 43.7386084907 2.94099922251 0.0119521020122
54393.9970702 63.5966538357 43.9482077283 2.93582102236 0.0135687911407
54405.1254885 63.7288691021 44.0997489611 2.9395165359 0.0142512681518
54416.2436523 63.9599726464 44.3929910868 2.94425042901 0.0157318994532
54427.3676757 63.8862161961 44.0928607232 2.95533325218 0.0131735821491
54438.4858397 63.7791327571 43.8999900633 2.95660364125 0.0119139626566
54449.6069338 63.6299808243 43.7760017819 2.94956422438 0.0116191290131
54460.7324217 63.6168685665 43.7868261557 2.94762343594 0.0118121717894
54471.852051 63.6174149106 44.0899086213 2.92921708097 0.0148656115081
54482.9760743 63.8408696377 44.2975397909 2.93841458885 0.0155309251496
54494.098633 63.8791137231 44.477618009 2.93116850149 0.0171056551061
54505.2255863 63.9561482378 44.6724567369 2.9268107485 0.0185824148792
54516.3481445 63.9583336141 44.6311273098 2.92954977257 0.0181502583103
54527.4721682 63.9965776995 44.5455163536 2.93852405499 0.0170391037881
54538.5961915 63.9255529696 44.5701172031 2.93006664162 0.017743301897
54549.7246095 63.9452213563 44.5622449312 2.93247319589 0.0175375883416
54560.845703 64.0118753336 44.8112055279 2.92378818036 0.019629377796
54571.9682618 64.2418861897 44.9755392025 2.93627896064 0.0198177763334
54583.09375 64.4702580136 45.2274519011 2.94326323791 0.0209044040251
54594.2163085 64.3992332837 45.0168686296 2.94918448622 0.0192259318913
54605.3359372 64.1839737176 44.5671651011 2.95556378403 0.0160557400995
54616.4628905 63.8239329714 44.339853252 2.93417567142 0.0160669382671
54627.5825195 63.75673265 44.2975397909 2.9301818704 0.0160699898551
54638.7065428 63.6764200708 44.1902800871 2.9288678985 0.0155010830507
54649.8291012 63.6540199637 43.8881816555 2.94508531332 0.0125961687352
54660.9545897 63.6217856632 43.8990060293 2.94127446778 0.0129116917162
54672.0786132 63.6966348016 43.9403354564 2.94607651165 0.0128492717758
54683.2026368 63.642000394 44.0052816991 2.93677760842 0.0138542550175
54694.32666 63.65620534 43.8281555828 2.94895373069 0.0119769540824
54705.4536133 63.6103124376 43.8694850099 2.94195040219 0.0126874531384
54716.568848 63.6223320072 44.0475951602 2.93227643545 0.014407113583
54727.6914062 63.8299427562 44.2522742278 2.94010621372 0.0151437251133
54738.8124997 63.8343135088 44.0928607232 2.95025315089 0.0135062187286
54749.9379882 63.8987821098 44.0111859029 2.96154035119 0.0122688470242
54761.0605467 63.7075616831 44.054483398 2.94019105315 0.0139309030958
54772.1904295 63.9053382387 44.1135254368 2.95594566515 0.0132595873396
54783.3100585 63.9878361942 44.5081230624 2.93995123575 0.0167170455308
54794.4282225 64.3631745746 44.7934929163 2.95930861533 0.0171951409778
54805.5522463 64.3904917784 44.9410980132 2.95296251374 0.0185144098235
54816.682129 64.5199753245 44.901736654 2.96807939448 0.0172835285712
54827.798828 64.4626091965 45.1320006051 2.94835742754 0.0199856351412
54838.9199217 64.645634462 45.1890745759 2.96283579974 0.0193875055174
54850.0483397 64.8838404793 45.7735907595 2.95041094082 0.0237894255939
54861.1635745 65.0564852074 46.1229228221 2.94593499562 0.026231427458
54872.284668 65.2673740208 46.3305539917 2.95393163963 0.0269866211247
54883.4101565 65.455316383 46.6749658844 2.95124635931 0.0292862413682
54894.5283202 65.7153761633 46.880628986 2.96422781272 0.0297059711494
54905.6538085 65.6891516477 46.8885012578 2.96115280822 0.0299559422911
54916.777832 65.7328591738 46.7753373502 2.97244830228 0.0285175093364
54927.9018552 65.6858735832 46.6700457145 2.97429998856 0.0277463656709
54939.025879 65.6569173472 46.5126002778 2.98114206483 0.0263271054953
54950.1528317 65.5449168115 46.1101303804 2.99485591078 0.0229494165646
54961.2680662 65.1428075714 45.7804789974 2.97547405931 0.0221906758382
54972.390625 64.9062405864 45.4183544931 2.97440660945 0.0200363362438
54983.5117188 64.5063167226 44.9283055715 2.96511329874 0.0176404498797
54994.6372073 64.3566184457 44.8505668871 2.95517588089 0.0178151217587
55005.7597658 64.2631936087 44.5179634022 2.9663355309 0.0150496024146
55016.8896485 63.8938650131 44.0161060728 2.96075922729 0.012350007086
55028.0078125 63.4737264185 43.6018277676 2.9448896673 0.0108642275742
55039.13916 63.3010816904 43.1363796955 2.95630870569 0.00728515270303
55050.2573245 63.0956563177 42.8510098416 2.95357521432 0.00573100451701
55061.3784177 62.9923972873 42.8106644484 2.94595295151 0.00598524019124
55072.4995118 62.8126500862 42.7535904776 2.93189799239 0.0065592244334
55083.6220702 62.8366892256 42.6984845748 2.9375782392 0.0058530026319
55094.7475585 62.8738406228 42.9809023268 2.92407747042 0.00845107790017
55105.8657225 63.1317150268 43.1491721372 2.93900538319 0.00849588750265
55116.9941405 63.3753844848 43.442414263 2.94497592704 0.00988820845714
55128.1181637 63.4933948052 43.4345419912 2.95698169609 0.00905418841121
55139.245117 63.5666049115 43.3853402922 2.96712602393 0.00809060238579
55150.3618162 63.462799537 43.6589017384 2.94035058334 0.0115090183198
55161.4785155 63.5862732982 43.6244605491 2.95451173246 0.0103720135962
55172.5908202 63.6474638347 43.5211369813 2.96677719224 0.00893981001708
55183.7265625 63.4923021171 43.4355260252 2.95681512791 0.00907108271249
55194.840332 63.5207120091 43.2898889962 2.96843943194 0.00742404019027
55205.9643555 63.4436774943 43.5152327775 2.94721970524 0.0101844626692
55217.0957033 63.2803206155 43.5319613551 2.9302512843 0.0113973563356
55228.216797 63.4005163123 43.584115156 2.93881557158 0.0111540972942
55239.3408202 63.3704673881 43.6234765152 2.93348713924 0.0117426764001
55250.463379 63.4638922251 43.8311076848 2.9299775873 0.0132374740818
55261.5917967 63.5245364176 44.007249767 2.92517567507 0.0146259352728
55272.711426 63.5786244811 44.1597750338 2.92116630873 0.0158191575164
55283.8369143 63.8944113572 44.5661810671 2.92725825555 0.0179031219453
55294.9609372 64.0380998493 44.9460181831 2.91811246436 0.0208264675971
55306.0878905 64.2468032864 44.8003811542 2.94747338295 0.0180122538045
55317.2089842 64.2200324267 44.8348223434 2.94274278485 0.0185328319144
55328.3330075 64.115134364 44.6626163971 2.9429860572 0.0174630856543
55339.4628905 64.0315437203 44.6458878195 2.93581821273 0.0178300953039
55350.5795897 63.9785483449 44.8131735959 2.92040381434 0.019863027393
55361.7006838 64.2194860826 45.0522938528 2.92938593844 0.020739362225
55372.8261717 64.3178280163 45.2874779738 2.92462906602 0.0224926815057
55383.953125 64.5582194098 45.5777679977 2.93042687232 0.0238947709107
55395.0742188 64.616678226 45.6358260024 2.93260660754 0.0241086596647
55406.1982423 64.3221987689 45.2569729205 2.92692653341 0.0221551461391
55417.3222658 64.0195241507 44.8663114308 2.92116794374 0.0201382997673
55428.455078 63.7321471666 44.7492113873 2.90019723353 0.0207946477448
55439.568848 63.67095663 44.7246105378 2.89571610084 0.0209375272611
55450.6914062 63.5119705038 44.5514205575 2.89075513917 0.0202030324301
55461.8168948 63.4332969569 44.4972986886 2.88637362328 0.0201590491171
55472.9335938 63.5409267399 44.8505668871 2.87530454604 0.0230449638647
55484.057617 63.6753273826 45.2943662117 2.86128013591 0.0266829160945
55495.178711 64.0910952247 45.9359563661 2.86261637944 0.0305364561546
55506.3056643 64.7090103749 46.9406550587 2.86138970457 0.0368104470389
55517.423828 65.2711984293 47.7957805866 2.86384416625 0.0419428335818
55528.5566405 65.7683715387 48.3566799547 2.8781064764 0.0444916612366
55539.6748045 65.9076892782 48.2523723529 2.89834652578 0.0425180654303
55550.7944338 65.7612690657 47.9581461931 2.90212925005 0.0404432561918
55561.9199217 65.835025516 48.48165227 2.87692886979 0.045345911479
55573.039551 66.5643948578 49.5099677782 2.88508530054 0.0512227447633
55584.1635743 66.9577625927 49.5011114724 2.92467540782 0.048575112348
55595.286133 66.8364742078 49.1753962253 2.93294336244 0.0460000357181
55606.4116213 66.4567650748 48.8073675171 2.91819802644 0.0446711557515
55617.5371092 66.1311440054 47.9502739213 2.93918031976 0.0379683600563
55628.6582033 65.5039410058 47.116797141 2.92878337891 0.0334862920934
55639.7836915 65.0559388633 46.8914533598 2.89854692599 0.0340735060814
55650.9077147 65.1242318728 46.8255230832 2.90933730514 0.0329597824227
55662.027344 65.0745145619 46.6838221902 2.91317930915 0.0318334624643
55673.1513673 64.810084029 46.3984523362 2.9047431036 0.0306258422225
55684.2666015 64.4751751103 45.799175643 2.90868539293 0.026678820023
55695.3979493 64.1249685574 45.1064157217 2.9168084132 0.0218945929826
55706.5205077 63.6157758783 44.5543726594 2.90072083772 0.0195685451769
55717.6459963 63.355169754 43.9718245438 2.91078950937 0.0153518437333
55728.765625 62.9006114825 43.6106840734 2.88843399068 0.0146147804137
55739.8940428 62.7492741734 43.4601268746 2.88284766615 0.0140640496483
55751.0151368 62.609956434 43.5240890833 2.86539909339 0.0155958491144
55762.1420897 62.7115764321 43.3587713748 2.88533667292 0.0132844091537
55773.2573245 62.5219950377 43.3125217778 2.86969901487 0.0140270359295
55784.3828128 62.6214296596 43.4729193164 2.86962616166 0.0150076223604
55795.5039065 62.7492741734 43.3705797825 2.88828938638 0.0131629009234
55806.625 62.5678879401 43.1727889527 2.88264827989 0.0123295918637
55817.7519533 62.3313209551 42.926780458 2.87457341767 0.0113638797513
55828.8818363 61.9292117149 42.6807719632 2.85044585565 0.0114508530069
55839.9956052 61.9313970913 42.8155846183 2.84248884352 0.0127897562106
55851.119629 61.9925876278 42.9553174434 2.83995260896 0.0138040666753
55862.2436522 62.173427517 43.160980545 2.84502641922 0.0147212393698
55873.3676757 62.1925495597 43.0606090791 2.85297481544 0.0135908996577
55884.4902345 62.1816226782 43.0291199918 2.85382423663 0.0133439966379
55895.6098632 62.0280999927 43.0379762976 2.83838424801 0.0144087774993
55906.7397463 61.8521772002 42.9021796085 2.82955680139 0.0141621358425
55917.85791 61.9013481671 42.9198922201 2.83325075234 0.0140277975551
55928.986328 61.8303234371 42.9395728997 2.82517051185 0.0146763717316
55940.1088868 61.8456210713 42.9956628365 2.82325163854 0.0151426282979
55951.23584 61.8685675225 43.0596250451 2.8215960449 0.0156395513127
55962.3525393 61.8226746201 42.8952913706 2.82711419238 0.0142802566785
55973.4736327 61.9122750486 42.7988560407 2.84164815592 0.0127432871053
55984.5932618 61.8472601035 43.0615931131 2.8194106788 0.0157946015301
55995.7246095 61.9532508543 43.0753695888 2.82885356043 0.0152599927596
56006.8427732 61.9215628979 42.9435090356 2.83377905673 0.0141365984459
56017.9726565 61.7516498902 42.8441216037 2.82333222698 0.0142172906816
56029.0893555 61.6210736559 42.8037762106 2.81312735243 0.0146406387295
56040.2133785 61.5877466673 42.455428182 2.83099723113 0.0113582421864
56051.3359375 61.5265561308 42.3245516627 2.83299086334 0.0104349123126
56062.4658202 61.3517260264 42.2497650803 2.8205953956 0.0107937239028
56073.5839845 61.3959798965 42.2300844008 2.8260664575 0.0103163480745
56084.7006838 61.4047214018 42.4721567596 2.81226883404 0.0126859126624
56095.8085938 61.5861076351 42.500693745 2.82809882769 0.0118223266351
56106.9340817 61.6828105366 42.5184063566 2.83639306318 0.0113865839078
56118.0493162 61.8112013945 42.7171812204 2.83679725556 0.0125653842484
56129.1777345 61.714498493 42.7417820699 2.82593462327 0.0134258895693
56140.2973632 61.8062842978 42.6492828758 2.84043376074 0.0119154563105
56151.4272463 61.7893476314 42.8362493319 2.82746308321 0.0138990301116
56162.54541 61.8893285974 43.0281359578 2.82551973209 0.015191351281
56173.673828 61.9259336505 42.8903712007 2.83742519899 0.0135752404971
56184.7963868 61.8609187054 42.7535904776 2.83941121485 0.0126151047362
56195.92334 61.836333222 42.6266500943 2.84471756546 0.011497714736
56207.0400393 61.8352405338 42.7890157009 2.83477478853 0.0131336319236
56218.1611327 61.8778553718 42.8815148949 2.8332995724 0.0137916177292
56229.2822265 61.9341288116 42.8008241086 2.84364844626 0.0126242540933
56240.4121095 62.0199048316 43.1107948121 2.833170395 0.0151925731762
56251.5302732 62.1750665493 43.2800486565 2.83795595497 0.015908042933
56262.6601565 62.3329599873 43.5595143065 2.83631036491 0.0177161869517
56273.7768555 62.5137998765 43.679566452 2.84658911211 0.0177742321602
56284.8994137 62.6809811639 43.9521438642 2.8462622155 0.0194569569025
56296.0234375 62.6760640672 44.0042976651 2.84260655225 0.0200144166384
56307.1533202 62.782054818 44.2621145676 2.83720942338 0.0219413257457
56318.2714845 62.8508941716 44.2660507035 2.84367406834 0.0215420682728
56329.3911132 62.9017041707 44.2257053104 2.85108476095 0.020810471463
56340.5151368 62.9170018048 44.3801986451 2.84315081282 0.0222735733063
56351.63916 63.1426419083 44.3319809801 2.86809157837 0.0203459263254
56362.767578 62.9011578266 44.1597750338 2.85505154585 0.0201482421799
56373.8857425 63.0033241688 44.3595339315 2.85282498052 0.0215138743063
56385.0112305 63.3289452383 44.8417105813 2.85513952773 0.0243111164901
56396.132324 63.4983119019 44.807269392 2.87378752385 0.0228792440137
56407.2563477 63.527814482 44.9125610278 2.87023180978 0.023756711091
56418.3730467 63.6518345874 45.4154023911 2.85156552624 0.0280616480297
56429.5029295 64.0998367299 45.892658871 2.86613275383 0.0300399037184
56440.625488 64.5139655397 46.4299414236 2.87371082046 0.0328518846378
56451.7495118 64.5707853236 46.3886119965 2.88183460849 0.0320652015431
56462.8720702 64.666941881 46.5066960739 2.88400907711 0.0326508029475
56474.0019533 64.4915654325 46.1071782784 2.89137013556 0.0297073203032
56485.1186523 64.2642862968 45.8365689342 2.88569812547 0.0284138830221
56496.2456052 64.029358344 45.5344705026 2.88121261463 0.0268513477155
56507.3623045 63.7895132946 45.5502150463 2.8567660928 0.0285487470898
56518.4892575 63.8933186691 45.6712512257 2.85949979542 0.0291132114651
56529.6118162 64.0872708161 45.7952395071 2.87088424863 0.0291297787609
56540.7402345 64.014607054 45.5433268084 2.87922452494 0.0270359072187
56551.8598632 63.6660395333 44.9893156782 2.87904866753 0.0236495116176
56562.9882815 63.2278715842 44.7078819601 2.85345448852 0.0236023909245
56574.10791 63.1890811548 44.5179634022 2.86127059459 0.0219290796236
56585.236328 63.018621803 44.3309969461 2.8560574404 0.0211278907211
56596.355957 63.0694318021 44.3457574558 2.86011089616 0.020952643885
56607.4843747 63.068885458 44.7531475232 2.83517910189 0.0250760143252
56618.6069338 63.4928484612 45.2864939399 2.84392515974 0.0277710030996
56629.7324217 63.7884206064 45.752926046 2.84422060587 0.0306155750393
56640.849121 64.2418861897 46.1878690647 2.8619115026 0.0321330253917
56651.9746095 64.5899073663 46.786161724 2.85921870782 0.0359984237271
56663.098633 64.8150011257 46.9160542093 2.87332621398 0.0358768821164
56674.2241213 64.7494398365 46.9839525538 2.86269113262 0.0369927600462
56685.3452147 64.8619867162 47.0823559517 2.86768172159 0.037274192291
56696.4707033 64.9991190794 47.1699349759 2.87576349606 0.0372865366088
56707.5961915 65.1138513354 47.5832292471 2.86150494799 0.0407784846376
56718.7187497 65.6782247662 48.5131413573 2.85948627367 0.0466839066254
56729.838379 66.1874174452 49.5355526616 2.84614659668 0.0539322640186
56740.9638673 66.9315380771 50.9446893197 2.83169171232 0.0637124144488
56752.0791015 67.941728274 52.1206099248 2.85821552694 0.069389924231
56763.20166 68.5924240689 52.817305982 2.87920165681 0.0724269459345
56774.3271485 68.9114890094 52.813369846 2.91141982439 0.0702923933499
56785.451172 68.7388442813 52.7533437733 2.89791678938 0.0707959554834
56796.5722658 68.8765229885 53.7924836553 2.84576366046 0.0808140411297
56807.699219 69.9522744746 55.5785053273 2.83981553818 0.09262544934
56818.8217772 70.9788549939 57.1746084414 2.84079785881 0.10284733546
56829.9414062 72.1731631446 58.9409494339 2.84754638349 0.113876878043
56841.0683595 73.5794527968 61.5722562941 2.81889380399 0.133016764019
56852.187988 75.3201050238 63.6436478201 2.86101104244 0.143999386364
56863.3149418 76.3778271554 64.5135338576 2.91272737585 0.14642353589
56874.4360353 76.5837988721 64.1602656591 2.95776395897 0.141112055616
56885.5585938 76.0554841504 63.0876686219 2.97421995977 0.132885458599
56896.6752928 75.3130025508 62.4136053462 2.94193176563 0.13052532782
56907.7978512 75.3162806152 63.0305946511 2.90137162842 0.137276049263
56918.9233397 76.3827442521 64.5469910129 2.91100208681 0.146760462343
56930.0444338 77.3164462784 65.2850164972 2.95893945898 0.148570902735
56941.1699217 77.1743968185 64.1209043 3.02198973748 0.136643665444
56952.2954103 75.9265469484 62.1518523078 3.02283597951 0.123494203717
56963.4179688 74.5448427796 60.7850291108 2.96998215949 0.117936642529
56974.5375977 74.0815430029 60.4288088103 2.94565785915 0.117188443715
56985.654297 73.8640980606 59.8374043889 2.9620375346 0.112238052683
56996.7768552 73.5253647333 59.21943105 2.9676241521 0.107831514574
57007.9023438 72.8719372181 57.9047616539 2.98618824386 0.0980580596053
57019.0278317 71.7180585291 55.8205776862 3.00300932022 0.0834950293135
57030.1445312 70.1975829649 53.6517667962 2.9875824108 0.0706319927621
57041.2670897 68.7749029903 52.5850739629 2.91218048349 0.0687956280953
57052.3881838 68.4684039635 53.334907855 2.83396694905 0.078675008663
57063.5078128 69.7086050166 55.973102953 2.78994317952 0.0984270527503
57074.6347658 71.9518937937 58.8218813225 2.83276784572 0.114068330766
57085.7543945 73.4461448422 60.116870039 2.90085301426 0.118075459406
57096.8828125 74.2033777319 60.1896885534 2.973865314 0.1137722557
57108.0039062 73.4494229067 58.2255567311 3.02450252346 0.0976327536865
57119.1293948 71.4350522976 55.2370455366 3.01167567675 0.0791814743753
57130.2475588 69.4556477093 52.5516168076 2.98262498675 0.0639711095843
57141.3745118 67.884362146 50.4231513108 2.95926247844 0.0520833979672
57152.491211 66.4988335687 48.244500081 2.95734315701 0.0386061471354
57163.6181643 64.9286406935 46.2941447345 2.92282262244 0.0287992593272
57174.7392575 63.9687141516 45.138888843 2.89951311849 0.0232261027357
57185.8691405 63.441492118 44.5691331691 2.88278766131 0.0208330337207
57196.9887695 63.0355584693 44.2119288347 2.86497115801 0.0198171012422
57208.1171875 62.8208452474 44.1322220824 2.84890740069 0.020382379481
57219.2368162 62.8547185801 44.5366600478 2.82753163211 0.0242525554092
57230.3623045 63.1246125538 44.9351938093 2.82948247375 0.0265635167972
57241.4775393 63.5245364176 45.560055386 2.83025218038 0.0303452634495
57252.6074217 63.8588989923 45.8621538176 2.84441076175 0.0312746290484
57263.7299805 64.0299046881 46.0294395941 2.85087701221 0.0318802809345
57274.8569338 64.1233295252 45.9192277884 2.86680279825 0.0301594394675
57285.975098 64.1058465147 45.7893353032 2.87306693492 0.0289505649345
57297.1035158 63.9736312483 45.3524242165 2.88691499345 0.0253605630082
57308.2246092 63.7316008225 45.1310165712 2.87678815098 0.0246658404574
57319.348633 63.4649849133 45.2530367846 2.84325241815 0.0276098477187
57330.4682615 63.5622341588 45.2658292263 2.85197172341 0.0271173794755
57341.5878908 63.649649211 45.3917855756 2.85279942997 0.0278359188884
57352.7148438 63.6545663077 45.1418409449 2.86859145904 0.0252688977222
57363.8330077 63.5442048043 45.1083837896 2.85985114322 0.0256361226388
57374.9584963 63.3639112592 45.0119484597 2.84814049112 0.0258119807615
57386.0825195 63.2202227671 44.9597946588 2.83730528897 0.0262019670876
57397.2065428 63.0344657812 44.80923746 2.82839428105 0.0258635647565
57408.3305662 62.9645337394 44.8505668871 2.81905028655 0.0267283991733
57419.4575198 63.0989343822 44.9450341491 2.82637607682 0.0268271866542
57430.572754 62.9820167499 45.0149005616 2.81070209752 0.0282814706821
57441.6953128 62.9503287935 45.1182241294 2.80128968228 0.0295309431597
57452.8164065 62.9967680399 45.0513098188 2.80991188136 0.028556294948
57463.9418942 62.9426799764 44.995219882 2.80807243507 0.0283330863018
57475.0644533 62.903889547 45.1231442993 2.79646308977 0.029877138123
57486.1943363 63.1115002959 45.514789823 2.79270483336 0.0325258470261
57497.3139645 63.4043407208 45.8621538176 2.79996781189 0.0341846794553
57508.432129 63.6261564158 45.9890942009 2.81384468377 0.0340568445542
57519.5576173 63.5371023313 45.5649755559 2.83117839619 0.0303148320951
57530.6860353 63.047578039 44.948970285 2.82112730377 0.0271949755624
57541.8027345 62.7044739591 44.6842651446 2.80388451515 0.0267036597999
57552.9267577 62.7514595497 44.7462592853 2.80467026435 0.0270315293775
57564.0522463 62.8388746019 45.2195796293 2.7842241858 0.0312697426156
57575.17041 63.1289833064 45.6623949199 2.78535532693 0.0339136548969
57586.298828 63.4972192138 46.1632682152 2.79053512879 0.036655148772
57597.4228515 63.5392877076 46.0727370892 2.80021243155 0.0354641783569
57608.5468747 63.5250827617 45.9438286379 2.80674651399 0.0342431466714
57619.666504 63.5431121162 46.1012740746 2.7988318031 0.0357302317776
57630.7949217 63.5857269541 45.8060638808 2.82113529502 0.032453801017
57641.911621 63.2863304003 45.4331150027 2.8147711827 0.0305795915775
57653.0371095 62.9377628797 44.9194492656 2.812228604 0.0275968477866
57664.1640625 62.55313665 44.715754232 2.78723354735 0.0279865947544
57675.2983397 62.5301901988 44.7354349116 2.78379874875 0.0283319238177
57686.416504 62.5148925647 44.9155131297 2.77130067473 0.0302526356006
57697.5449217 62.4056237494 44.7954609843 2.76801715857 0.0297326332872
57708.6660158 62.3138379446 44.4589213634 2.77965545095 0.026912202125
57719.7871092 62.0723538629 44.0348027184 2.78207069773 0.0241642913021
57730.9082033 61.7079423641 43.5998596997 2.77320941951 0.0220935805782
57742.0380863 61.3550040908 43.2751284866 2.75877665067 0.0210626538747
57753.1591795 61.2238815125 43.1747570207 2.75219138531 0.0208836541605
57764.2846682 61.2626719419 43.0055031763 2.76621271947 0.0189372067701
57775.4072265 61.2905354898 42.9818863608 2.77033958315 0.018523554953
57786.5356448 61.5063413999 43.2515116711 2.77485512307 0.0198662639385
57797.6538088 61.7243326864 43.3656596126 2.7890338881 0.0196320559637
57808.779297 61.9084506401 43.6431571947 2.79001251517 0.0212570124356
57819.897461 61.9603533273 43.6992471316 2.79163444789 0.0214924575408
57831.01709 61.9204702097 43.3105537098 2.81139570116 0.0178326708854
57842.142578 61.4161946274 42.9051317104 2.78714952118 0.0169568159977
57853.269531 61.3320576396 42.9563014773 2.77590704487 0.0180036389896
57864.3906247 61.2550231249 42.9868065307 2.76660730494 0.0187978187115
57875.5161132 61.2697744149 43.3843562582 2.74389866251 0.02270117218
57886.6386717 61.3937945202 43.5742748162 2.74434957058 0.0238274932687
57897.7685545 61.6270834408 43.9659203399 2.74309579646 0.0262961399537
57908.8837893 61.822128276 44.1322220824 2.7518616405 0.026736774382
57920.0151368 61.7893476314 44.1046691309 2.75036349952 0.026666719103
57931.1376952 61.678986128 43.8379959226 2.75591364798 0.0246768774044
57942.2661133 61.348994306 43.4148613116 2.74970642459 0.0225064797496
57953.3842775 61.1222615143 42.973030055 2.75461069892 0.0194996730109
57964.509766 60.8818701208 43.0596250451 2.72614234 0.0218897010825
57975.6279295 60.8660261426 43.0596250451 2.72461316982 0.0219898286011
57986.7460938 60.9430606573 42.9868065307 2.7364668262 0.0207713671074
57997.8730467 60.8326991539 42.9070997784 2.73064863718 0.0206683480023
58008.9912113 60.7054009842 42.7034047447 2.73071448924 0.019427940758
58020.1108397 60.5715466855 42.783111497 2.71298007828 0.0210727210015
58031.236328 60.6578690495 42.9297325599 2.71241271443 0.021999816684
58042.3603515 60.7321718439 42.8480577396 2.72453010053 0.0207105796174
58053.4814452 60.6272737813 42.641410604 2.7269367049 0.0192993157116
58064.611328 60.1716228217 42.2379566726 2.70747188324 0.0181293781771
58075.7294923 59.8722262679 41.9555389206 2.69575550844 0.0171879402373
58086.8637698 59.9039142243 42.0726389641 2.69172649973 0.0181599485988
58097.979004 59.9487144386 41.9388103429 2.70411487646 0.0165394409452
58109.1030277 59.8454554081 41.7370833772 2.70637009446 0.0151726926566
58120.2241213 59.9399729333 41.8207262654 2.71040352552 0.0154139348223
58131.342285 59.7580403559 41.7636522947 2.69637220431 0.0159878394531
58142.4707033 59.7088693891 41.7439716151 2.69283908548 0.016100290379
58153.590332 59.6624301426 41.6937858821 2.69140934175 0.015890778828
58164.7143552 59.7995625057 41.7872691102 2.69893422061 0.0159627662946
58175.8413088 59.7738843342 41.8669758625 2.69165763408 0.0169208881288
58186.9653317 59.7553086356 41.7439716151 2.69729739467 0.0158083677113
58198.083496 59.6444007881 41.5963665182 2.69555435997 0.0150311293084
58209.208984 59.6323812184 41.6701690666 2.68995021661 0.0158436936035
58220.3271485 59.4651999311 41.7046102559 2.67183645028 0.0172377544048
58231.4453128 59.5466051984 41.5963665182 2.68617163019 0.0156454948426
58242.5722658 59.5209270269 41.7262590034 2.67587448922 0.0171041098448
58253.699219 59.5039903605 41.7292111054 2.67407207139 0.0172399609468
58264.8203125 59.5296685321 41.6967379841 2.67849378407 0.016754297357
58275.945801 59.4783121889 41.747907751 2.6704816145 0.0175879979395
58287.0683595 59.5897663805 41.7321632073 2.68212165834 0.0167307193938
58298.1835938 59.3510140191 41.5953824842 2.6674782563 0.0168635652867
58309.3120118 59.2269939138 41.510755562 2.66069812237 0.0167967214099
58320.4404295 59.1248275716 41.3621664312 2.65986834397 0.0159546387562
58331.5717772 59.1106226256 41.5884942464 2.64486881617 0.0183024104921
58342.6899415 59.0893152066 41.6682009987 2.63802253329 0.0192319470281
58353.8183595 58.9357925212 41.466474033 2.635494815 0.0181797888679
58364.937988 58.7232646755 41.4674580669 2.6151172621 0.0195200144237
58376.0678713 58.5648248934 41.2096411644 2.61551124484 0.0179394985417
58387.1845702 58.5140148943 41.325757174 2.60366862673 0.0194149381821
58398.3144533 58.5812152157 41.4113681301 2.60492780355 0.0198488170707
58409.4311525 58.7030499447 41.513707664 2.6103982946 0.0201080857815
58420.550781 58.7850015561 41.6426161152 2.61045789432 0.0208823394567
58431.6777345 58.7259963959 41.5235480038 2.61199773442 0.0200627432289
58442.798828 58.7762600509 41.7675884306 2.60208348478 0.0221854874842
58453.9228515 58.8325334908 41.7420035471 2.60900647932 0.0215776213088
58465.0527345 58.8893532747 41.7695564985 2.61277691916 0.021497189127
58476.1708985 59.0253929497 41.9742355662 2.61343439952 0.022691238871
58487.3051757 59.1723595062 42.1120003233 2.61917968781 0.0231483219138
58498.4189452 59.2062328389 41.9388103429 2.63288539908 0.0212034286034
58509.540039 58.834172523 41.5884942464 2.6184219627 0.0200341064521
58520.6640625 58.5861323124 41.3415017176 2.60960608947 0.0191211056395
58531.786621 58.5183856469 41.4674580669 2.59554912434 0.0208013035245
58542.9121095 58.5675566138 41.3828311447 2.60534275173 0.0196495167275
58554.031738 58.5500736034 41.4920589164 2.59709185125 0.0208487289173
58565.1557618 58.5784834953 41.5737337367 2.59488123251 0.0214864113209
58576.279785 58.5599077967 41.5757018046 2.59298882107 0.0216222033442
58587.4038085 58.511283174 41.4389210815 2.59659071738 0.0205609302318
58598.5234372 58.4681219919 41.4202244359 2.5935973925 0.0206441375293
58609.6503905 58.3659556497 41.3533101254 2.58787965925 0.020614927311
58620.7714842 58.411302208 41.4704101689 2.58515096477 0.0214999697566
58631.8955075 58.5014489806 41.7292111054 2.57814942377 0.0235208163049
58643.0136717 58.4462682289 41.6347438434 2.57858076611 0.0229220674765
58654.1347658 58.3380921018 41.4851706786 2.57727699702 0.0221046076639
58665.2573243 58.16763275 41.3100126303 2.57157632929 0.0214213521705
58676.379883 58.0556322144 41.3395336497 2.55912621619 0.022414575568
58687.5053713 58.2861894145 41.6406480473 2.56295340681 0.0239809707813
58698.623535 58.3260725321 42.0519742505 2.54192910494 0.0278434312344
58709.7534182 58.5719273664 42.1671062261 2.55843494617 0.0274592343554
58720.8759765 58.4495462933 41.9998204496 2.55685997598 0.0265503518455
58732.0014647 58.0053685593 41.6170312318 2.53761489175 0.0254975007093
58743.126953 57.8698752284 41.2982042225 2.54392721761 0.0231605720023
58754.2451173 57.6841182425 41.0512116938 2.54112019984 0.0218559690806
58765.355957 57.4207803978 40.9823293152 2.52023510799 0.022808677877
58776.4785158 57.5098344822 40.9262393784 2.53206835997 0.0216961705902
58787.5996095 57.5262248045 41.2686832032 2.51302174201 0.0250062318503
58798.7294923 57.7813674881 41.8384388771 2.5029343923 0.0291057058142
58809.8447265 58.2916528553 42.5449752741 2.50883062107 0.032995867912
58820.9790037 58.733645213 43.0793057247 2.51863787442 0.0355963135898
58832.097168 59.0188368208 42.8628182493 2.55903952005 0.0316362189245
58843.2182618 58.9336071449 42.6266500943 2.56519620598 0.0298003082524
58854.3393552 58.6571570423 42.3412802404 2.55604334715 0.028670284105
58865.4677732 58.5888640328 42.0441019787 2.56748518437 0.0261224449616
58876.5991213 58.5566297323 42.0204851632 2.56583381691 0.0260877332521
58887.717285 58.5719273664 42.1621860562 2.55873233775 0.027409986317
58898.8457033 58.5801225276 42.3186474589 2.55005477406 0.0289253421849
58909.9682618 58.8582116624 42.8165686523 2.54647917235 0.0321779486945
58921.0937497 59.2401061717 43.3587713748 2.55012359935 0.035233603442
58932.220703 59.4903317586 43.7956824615 2.5475358413 0.0380632139379
58943.3417967 59.5127318657 43.6618538404 2.5578277102 0.0365739601218
58954.4570312 59.2439305802 43.4207655155 2.5467229923 0.0358334206448
58965.5854493 59.1439496142 43.5034243697 2.53212427783 0.0372923452076
58976.7021485 59.1444959583 43.5880512919 2.52703096798 0.0381410343494
58987.8291015 59.4318729424 44.1351741843 2.52125090555 0.0418547989611
58998.95166 59.8711335797 44.8820559744 2.51780294593 0.0466463701118
59010.080078 60.2448329279 45.8601857497 2.49378753494 0.0542207525108
59021.199707 61.2096765665 47.1984719613 2.50441117536 0.0617785656905
59032.3281247 62.4493312755 48.9106910849 2.51841628751 0.0714919663103
59043.447754 63.4458628706 49.8750443844 2.55538132868 0.0750942612374
59054.5761717 63.527814482 48.9579247159 2.62060193441 0.0650954117591
59065.695801 62.7454497649 47.6294788441 2.62675109277 0.0564363537062
59076.8242188 61.7418156968 46.2351026957 2.61530374753 0.0485713834568
59087.9467777 60.6649715225 44.6104625962 2.61080368338 0.0388948339322
59099.0722658 59.4351510069 42.784095531 2.60368528424 0.0282351331761
59110.1889647 58.2747161889 41.4930429504 2.57075823923 0.0225789479633
59121.3159182 57.6486058776 41.1860243489 2.52963113257 0.0234204540493
59132.4326173 57.5114735144 41.0207066404 2.52654321433 0.0226267282158
59143.5595702 57.4486439457 41.0197226064 2.52063293481 0.0230077975079
59154.6806643 57.695045124 41.5481488532 2.51223383441 0.026743593603
59165.8105467 58.2708917804 42.313727289 2.52084411288 0.0308082129757
59176.9287113 58.7571380083 42.7860635989 2.53866610337 0.0325044228659
59188.0527342 58.9286900482 42.690612303 2.56085159736 0.0304726872325
59199.173828 58.6915767191 42.0952717456 2.57420460852 0.0259920056267
59210.3051757 58.2271842543 41.652456455 2.55661508135 0.0244672961294
59221.42041 57.9665781299 41.4507294893 2.54394552793 0.0240792904758
59232.542969 57.9266950124 41.6258875376 2.5295893058 0.0260764737382
59243.6684567 58.3435555425 42.216307925 2.53366513823 0.0293789080533
59254.7851562 58.8035772547 42.9425250016 2.53361929653 0.0337845850857
59265.9077147 59.1166324104 43.208214176 2.5474441785 0.034493528568
59277.0288085 59.3630335888 43.6894067918 2.54179954936 0.0377912870132
59288.1572265 59.8634847627 44.5465003876 2.53757454821 0.0432986268647
59299.2753905 60.4699266873 45.609257085 2.53086292948 0.0502509597232
59310.4052732 61.2577548452 47.1482862283 2.51215920964 0.0609608607065
59321.527832 62.4187360073 48.3842329061 2.54817283526 0.0662664688016
59332.6518552 63.0033241688 48.4048976196 2.60379820062 0.06275270238
59343.7744143 62.5121608443 46.8668525103 2.65117285129 0.0501191994704
59354.8999022 61.1719788253 45.0030921539 2.63574342416 0.0396651300782
59366.023926 60.0432319637 43.8458681944 2.59756942215 0.0350929796027
59377.1479493 59.7427427218 43.8114270052 2.57079669295 0.0366360876943
59388.2719725 60.0000707817 44.4904104508 2.55412422311 0.0418720808634
59399.3989257 60.2737891639 44.5691331691 2.57564443649 0.0409442610192
59410.51416 60.2754281962 44.7255945718 2.56624333825 0.0425168767336
59421.636719 60.2699647554 44.5819256108 2.57449506232 0.0410977449239
59432.7578125 60.3344333564 44.1558388979 2.60670059778 0.036385823352
59443.883301 59.8962654072 43.724832015 2.59081165916 0.0347978658554
59455.0058595 59.5695516496 43.2908730302 2.58582796221 0.0324827865529
59466.1357423 59.2182524086 43.0586410112 2.56625295045 0.0323530142635
59477.2553715 59.1488667109 42.9877905647 2.56390688712 0.0320762809466
59488.373535 58.8363578993 42.5577677158 2.56006765832 0.0297184964621
59499.4975585 58.569195646 42.0903515757 2.56281269232 0.026708163184
59510.6274412 58.2173500609 42.1651381581 2.52472328979 0.0296547073132
59521.7441405 58.5435174744 43.1373637295 2.49695367144 0.0373689360184
59532.8681643 58.9625633809 43.1462200353 2.53646392419 0.0348356915904
59543.9936522 58.6899376869 42.6148416866 2.54261777831 0.0312071052522
59555.1118162 58.597605538 42.358992852 2.54928390786 0.0292201574913
59566.2402345 58.5014489806 42.3845777355 2.53855513859 0.0300776288685
59577.3642577 58.433155971 42.3954021092 2.53138215018 0.0306128733232
59588.4853515 58.3364530696 42.0814952699 2.54113563357 0.0280739634152
59599.6064452 58.2637893074 41.9250338672 2.54365623557 0.0269627179703
59610.7246095 58.1228325357 41.9250338672 2.53021986766 0.027842508984
59621.8369143 58.1517887718 41.6829615084 2.54758840767 0.0252425621022
59632.9667967 57.9993587745 41.6032547561 2.53787324737 0.0253974109067
59644.084961 58.0130173764 41.7980934839 2.5274207831 0.0272585821816
59655.2163085 58.1403155462 41.886656542 2.53420300229 0.0273497098935
59666.3344725 58.1856621045 41.9762036341 2.53311783309 0.0279621344642
59677.4628905 58.0261296342 41.7626682607 2.53080737428 0.0268228042074
59688.5839842 57.9720415707 41.6504883871 2.53242339904 0.0260394432593
59699.7094723 57.7840992085 41.3326454118 2.5336904105 0.0240385319608
59710.8261717 57.7190842634 41.2204655382 2.53426039657 0.0233249088905
59721.9472658 57.4961758803 41.1427268538 2.51774840919 0.0239376114896
59733.0712893 57.6130935126 41.274587407 2.52092306775 0.0245244602456
59744.1953128 57.630576523 41.1702798053 2.52886454268 0.0233757694915
59755.3222658 57.6726450169 41.4231765379 2.51763540734 0.0256358103705
59766.4433592 57.6387716842 41.3139487662 2.52099411447 0.0247571248954
59777.567383 57.6415034046 41.4448252854 2.51336978658 0.0260457182761
59788.697266 57.6704596406 41.4310488097 2.51695326502 0.0257279662092
59799.8154295 57.5988885666 41.4241605719 2.51056346896 0.0261048053281
59810.9350585 57.5868689969 41.4467933534 2.50805715614 0.026405454
59822.0664065 57.8343628635 41.5560211251 2.52501322023 0.0259543363684
59833.180176 57.8644117877 41.6268715716 2.52360109621 0.0264745130872
59844.3041993 57.8480214654 41.8108859257 2.51093993029 0.0284150174539
59855.4282225 57.873699637 41.6898497462 2.52068675431 0.0270456377309
59866.5566405 57.7966651222 41.6662329307 2.51478022246 0.0272897637009
59877.6748045 57.7300111449 41.4133361981 2.52368421787 0.0251803837022
59888.8002928 57.6027129752 41.372006771 2.51406904903 0.0255606816257
59899.9199217 57.3907314736 41.3178849021 2.497186889 0.0263397162679
59911.0791018 57.4262438385 41.3365815477 2.49943378412 0.0263053346145
59922.2470705 57.4240584622 41.3631504652 2.49762588118 0.0265839399118
59933.376953 57.4595708272 41.2854117808 2.50568124615 0.0255877274681
59944.5009765 57.3825363124 41.4025118243 2.49131105075 0.0272348310217
59955.6308595 57.2169940573 41.0689243054 2.49567894085 0.0249380728357
59966.7490232 57.071666533 41.0334990822 2.48402359391 0.0254878821723
59977.8833007 56.9787880401 40.8455485921 2.4865185246 0.0241930463742
59988.9941405 56.9514708363 40.7067998011 2.49226601711 0.0229820168718
