Time		Tb_f1		Tb_f2		Q		W
49573.0234375 21.960377039 50.019869207 2.78564726783 0.00188971271104
49584.1591795 21.8885431323 50.0219575252 2.79732312886 0.000211704241552
49595.274414 21.9280011937 49.9937652294 2.78731998446 0.00138400399592
49606.4072265 21.9158602518 50.009427616 2.79132550512 0.00095852702485
49617.5283205 22.0757159878 50.1650073223 2.78661173336 0.00320834608323
49628.6523435 21.9593652938 50.0365757527 2.7880257071 0.00171150972958
49639.7763675 21.948236097 50.2850856192 2.82280218839 -0.000850072504927
49650.9033205 22.0048938263 50.1284617537 2.79300081546 0.00191119236293
49662.0244145 21.9644240197 50.2558491643 2.81634770321 -0.000204985359793
49673.1484375 22.0038820811 50.1336825492 2.79385481207 0.0018394145654
49684.263672 21.9866824133 50.1159318445 2.79422732552 0.00160674730446
49695.393555 21.9684710003 50.1650073223 2.80363597529 0.000731090715594
49706.517578 22.0949391459 50.2005087318 2.78827567101 0.00332323585879
49717.638672 21.9937646294 50.2443634141 2.81016462745 0.00057919561166
49728.756836 22.0180465134 50.2600258007 2.80839165344 0.000994742309369
49739.8896485 22.1101153234 50.2913505738 2.79793716364 0.00283115402491
49751.004883 22.05851632 50.3164103923 2.80946097003 0.00140643200461
49762.1347655 22.0838099491 50.3832365748 2.81432921451 0.00137056453479
49773.255859 21.9947763746 50.3738391429 2.82721401076 -0.000598932240107
49784.379883 22.0807747136 50.5001823944 2.83036480495 0.000214575023816
49795.495117 22.1799257397 50.4437978028 2.8071185864 0.00302945809371
49806.6308595 22.1404676783 50.4907849624 2.81963558811 0.00168118443583
49817.743164 22.188019701 50.5241980537 2.81652806722 0.00246986989888
49828.8701175 22.1212445202 50.5816268044 2.83477535262 0.000393120761615
49839.991211 22.1435029138 50.6098191002 2.83499259268 0.000645542379225
49851.1152345 22.1981371527 50.5409045994 2.8171437708 0.00254854529746
49862.239258 22.1303502267 50.5043590308 2.82304815136 0.00132130764565
49873.369141 22.0564928296 50.5555228268 2.84158309233 -0.000860458316045
49884.487305 22.0382814167 50.5200214173 2.839750626 -0.000951388819994
49895.620117 22.1424911686 50.4281354163 2.81098125019 0.00230970476199
49906.7529295 22.0180465134 50.3623533928 2.82199320881 4.51643879021e-05
49917.8740235 22.1060683427 50.4855641669 2.82440387289 0.000934761560734
49929.0039065 22.188019701 50.4135171888 2.80180586371 0.0034976846621
49940.1220705 22.0858334394 50.3696625065 2.8122031114 0.00154331774401
49951.246094 21.9988233553 50.2182594366 2.80589312595 0.000938188666291
49962.364258 22.0139995327 50.1984204136 2.80084835302 0.00147273968066
49973.4882815 21.9320481744 50.3049246421 2.82800790057 -0.00140796548525
49984.612305 21.9967998649 50.2756881872 2.81384565502 0.000358678165305
49995.736328 21.9027075646 50.303880483 2.8325247641 -0.00207573578378
50006.8603515 21.9907293939 50.1660514814 2.80024193639 0.00123546850153
50017.984375 22.0008468456 50.1556098904 2.79724905577 0.00156597855774
50029.1083985 21.9684710003 50.2380984595 2.81334663991 5.31511363491e-05
50040.2382815 21.9978116101 50.3592209155 2.82478868431 -0.00039314101966
50051.350586 21.9947763746 50.2297451867 2.80806159978 0.000738172680312
50062.4804685 21.9836471778 50.2245243912 2.80913433931 0.000529562143217
50073.6015625 21.9624005293 50.2380984595 2.81431006071 -8.70395031558e-05
50084.725586 21.9745414713 50.2412309368 2.81279943783 0.000164285661969
50095.852539 21.9391303906 50.1900671408 2.81162131086 -0.000178877886919
50106.973633 21.9967998649 50.1838021862 2.80163643316 0.00121105182421
50118.1035155 22.0048938263 50.4072522342 2.83005098255 -0.000675425101099
50129.2216795 21.8511085612 50.1900671408 2.82558703632 -0.0022110781166
50140.348633 21.8723552097 50.3111895967 2.83831191113 -0.00284429938571
50151.4697265 21.9300246841 50.3226753469 2.83068847806 -0.00161941396306
50162.5908205 21.8915783678 50.1681397996 2.81625370672 -0.00107345925803
50173.7148435 21.9755532165 50.2683790735 2.81624653333 -6.42140569763e-05
50184.8447265 21.9634122745 50.263158278 2.8174795889 -0.00029616174156
50195.959961 21.9037193098 50.2297451867 2.82251198866 -0.00136455257195
50207.0839845 21.8541437967 50.2621141189 2.8346785247 -0.00280934157793
50218.208008 21.9431773712 50.0532822983 2.79281272277 0.00118283905314
50229.323242 22.0190582586 50.1357708674 2.79172318752 0.00217059090887
50240.450195 21.9502595874 50.1357708674 2.80264278531 0.000581643081272
50251.571289 21.960377039 50.2255685503 2.81296628653 -1.75351212641e-05
50262.6865235 21.8339088934 50.1670956405 2.82526379298 -0.00239504730133
50273.8164065 21.8642612484 50.1681397996 2.82058760318 -0.00170409927798
50284.9404295 21.9927528843 50.1900671408 2.80311107672 0.00105947523942
50296.0615235 21.9745414713 50.1879788226 2.80572411481 0.000658241708954
50307.185547 21.904731055 50.1556098904 2.81250245724 -0.000653595790032
50318.3125 21.8369441289 50.2057295273 2.82991476429 -0.00268330332451
50329.433594 21.8237914418 50.2422750959 2.83685688026 -0.00332589144763
50340.557617 21.9300246841 50.3884573704 2.83943405997 -0.00222997733383
50351.675781 21.8915783678 50.3487793244 2.84025899051 -0.00274936226068
50362.8027345 21.9957881198 50.2213919139 2.80679110208 0.000839027615416
50373.9208985 21.9978116101 50.1848463453 2.80161455599 0.0012247357607
50385.0478515 21.8460498354 50.1984204136 2.82749927103 -0.00240532607849
50396.168945 21.9360951551 50.20259705 2.81376761511 -0.000365181026314
50407.298828 21.8632495032 50.2318335049 2.8292102006 -0.00231822681752
50418.416992 21.8440263451 50.1169760036 2.81700191154 -0.001696762849
50429.546875 21.8511085612 50.101313617 2.81379844052 -0.00138807001224
50440.665039 21.7640984771 50.2005087318 2.84077466926 -0.00431607200314
50451.791992 21.8875313872 50.1378591856 2.8128736729 -0.000886091586079
50462.9072265 21.9340716647 50.0741654804 2.79703047884 0.000778996854871
50474.03125 21.8278384225 50.0846070714 2.81527120804 -0.0017703174958
50485.1552735 21.8915783678 50.0793862759 2.80446625888 -0.00025053129704
50496.279297 21.8227796966 50.1263734355 2.821620199 -0.00227430723472
50507.4033205 21.9067545453 50.0846070714 2.80275158743 5.14550958946e-05
50518.527344 21.7873686159 50.1472566176 2.83001027639 -0.00328520996753
50529.651367 21.812662245 50.1493449358 2.82627602445 -0.00272082859333
50540.7783205 21.9138367614 50.1117552081 2.80523300375 -3.67152932764e-05
50551.8964845 21.9259777034 50.0438848664 2.79429441645 0.000872785084412
50563.0234375 21.8814609162 50.0647680484 2.80413044374 -0.00034859963113
50574.1416015 21.7772511642 50.0574589347 2.81968982775 -0.00268616193167
50585.2714845 21.9148485066 49.9530430244 2.78400228423 0.00145763712183
50596.3896485 21.898660584 49.9812353202 2.79031245697 0.000822663041633
50607.510742 21.8318854031 49.989588593 2.80201462311 -0.000796229016477
50618.637695 21.9158602518 49.8736869326 2.7733122192 0.00221610515767
50629.758789 21.8662847387 49.9457339107 2.79073739373 0.000404161450791
50640.8828125 21.824803187 49.9018792284 2.79149843664 -0.000147092309301
50652.0068355 21.9077662905 49.9352923197 2.7827704243 0.00145857073928
50663.130859 21.8936018581 49.9175416149 2.78266240652 0.00129598430702
50674.2490235 21.880449171 50.140991663 2.81441335911 -0.00107864130317
50685.3789065 21.8015330482 50.1023577761 2.82180072129 -0.00254201244646
50696.4970705 21.7893921062 50.1086227308 2.82455825858 -0.00288029004996
50707.6269535 21.8956253485 49.9394689561 2.7852510259 0.001139565994
50718.739258 21.8895548775 49.9342481606 2.78552136553 0.00104778303414
50729.8632815 21.8258149321 50.0177808888 2.80671977726 -0.00119760543501
50740.987305 21.8298619128 49.9509547062 2.79720808141 -0.000484962735933
50752.102539 21.9087780356 50.0292666389 2.79508288047 0.000611142222307
50763.2294925 21.8602142677 50.0188250479 2.80140164054 -0.000413252489404
50774.3564455 21.7671337126 49.9060558648 2.8011989784 -0.00151670133267
50785.489258 21.8642612484 49.9979418658 2.79798752484 -0.000126299178005
50796.607422 21.9118132711 49.9561755017 2.78489961085 0.0013585335022
50807.737305 21.904731055 49.9415572743 2.78408339303 0.00133045053307
50818.8583985 21.8844961517 50.069988844 2.80434209577 -0.000326922527289
50829.9882815 21.9462126067 50.1023577761 2.79884748746 0.00079799070535
50841.100586 21.8834844065 50.1159318445 2.81060351739 -0.000776208094875
50852.227539 21.9522830777 50.0125600933 2.78596151517 0.00177053676076
50863.348633 22.0028703359 50.0449290255 2.78222976189 0.00263884801199
50874.4697265 21.9452008615 50.1305500719 2.80275217166 0.000513235259514
50885.59375 21.9836471778 50.2391426186 2.81107673351 0.000393955986548
50896.720703 21.9472243519 50.2245243912 2.81491486416 -0.000311581695223
50907.8447265 22.0777394781 50.2861297783 2.80238412773 0.0021315342134
50918.9658205 22.0494106135 50.1503890949 2.78884640348 0.00273618181571
50930.119141 22.0231052392 50.3863690521 2.82438328162 -6.09073580252e-05
50941.2285155 22.0676220265 50.4302237345 2.82314772089 0.000560344110171
50952.3583985 22.1070800879 50.2506283688 2.7930072496 0.00313884481173
50963.473633 21.9148485066 50.2276568685 2.82046862756 -0.00108822131629
50974.6035155 22.0311992005 50.1775372316 2.79534373637 0.00206372148188
50985.7216795 22.0311992005 50.2151269593 2.8003376766 0.00171507492967
50996.8427735 21.9826354326 50.1493449358 2.79930745709 0.00120345940404
51007.9697265 21.9229424679 50.2234802321 2.81862934811 -0.00086259125895
51019.087891 22.0726807523 50.2172152775 2.79402951791 0.00265400056384
51030.2148435 21.9775767068 50.4270912572 2.83702509672 -0.0014905358342
51041.338867 22.0423283973 50.456327712 2.83063521628 -0.000266371642811
51052.4628905 22.1151740492 50.445886121 2.81768021556 0.0015136248597
51063.578125 22.0767277329 50.5085356672 2.83211865805 4.34895997802e-05
51074.6992185 22.2021841333 50.5315071675 2.81525052168 0.00272938583728
51085.823242 22.212301585 50.6160840548 2.82489852512 0.00217748776866
51096.941406 22.2527713916 50.6014658274 2.81652328801 0.00324891211373
51108.068359 22.1900431914 50.5858034408 2.82440421805 0.00194433654901
51119.1865235 22.1435029138 50.7560013746 2.85445554259 -0.000713242481966
51130.3164065 22.292229453 50.699616783 2.82331955063 0.00324906161126
51141.4316405 22.2811002562 50.6453205097 2.81785930517 0.00349638717209
51152.558594 22.2254542721 50.7580896928 2.84171624015 0.00116155135559
51163.6796875 22.1708200332 50.6703803282 2.83871560087 0.000714060186704
51174.794922 22.2811002562 50.6108632593 2.81327272935 0.00381659401714
51185.924805 22.2254542721 50.6651595326 2.8293417832 0.00202546072448
51197.040039 22.2527713916 50.7340740334 2.8341777739 0.00201638321879
51208.169922 22.2942529433 50.7403389881 2.82842071076 0.00291727126663
51219.288086 22.2608653529 50.7017051012 2.82858140934 0.00250443995591
51230.4208985 22.3003234143 50.638011396 2.81383158157 0.0040088217036
51241.536133 22.1171975395 50.729897397 2.85515662967 -0.0010784259544
51252.6660155 22.310440866 50.9721423089 2.85673468096 0.00113530216734
51263.787109 22.4095918921 50.9136693991 2.83318005842 0.00397279842523
51274.911133 22.5987882379 51.033747696 2.81909759742 0.00723379371437
51286.026367 22.6028352185 51.2248288118 2.84394521745 0.00554782646735
51297.1621095 22.8001255256 51.4545438145 2.84321713063 0.00797580358618
51308.274414 22.9771809294 51.6299625438 2.83845981584 0.010442848942
51319.3984375 23.0712732297 51.520325838 2.80880869273 0.0136480765276
51330.522461 23.0034863037 51.5422531791 2.82254311773 0.0118713717704
51341.640625 23.0449678554 51.6853029762 2.83505725798 0.011498160261
51352.767578 22.937722868 51.5923728161 2.83972114238 0.00987887924182
51363.8828125 22.9013000421 51.3052290628 2.80716191711 0.0117127295192
51375.0068355 22.851724529 51.3981592229 2.82746807615 0.00969732850111
51386.1279295 22.9488520648 51.5756662704 2.83571473032 0.0102928065078
51397.2548825 22.857795 51.4628970873 2.83514935191 0.00923425589374
51408.3789065 22.7647144448 51.2102105844 2.81623000122 0.00943307686158
51419.5029295 22.5482009796 50.8426665801 2.80167561546 0.00784087455361
51430.6240235 22.3074056305 50.7215441242 2.82382761739 0.00339615858995
51441.756836 22.3347227499 50.557611145 2.79766403077 0.00555138957716
51452.875 22.200160643 50.7121466923 2.8396160681 0.00100399869328
51463.996094 22.2193838011 50.6202606912 2.82432934612 0.00230239410305
51475.120117 22.2031958785 50.7100583741 2.83885583103 0.00109357308843
51486.223633 22.3266287886 50.6954401466 2.81729662243 0.00408338035703
51497.3535155 22.3458519467 50.7351181925 2.81952487976 0.00415910194538
51508.4716795 22.292229453 50.8364016255 2.8415382132 0.00197714532975
51519.6015625 22.280088511 50.8238717163 2.84179815032 0.00181295229509
51530.7197265 22.4530969342 50.8844329443 2.82236648195 0.00525136787926
51541.8496095 22.4824375439 51.0755140601 2.84317524387 0.00415182415036
51552.9648435 22.5370717828 51.1089271514 2.83894258181 0.00510511031621
51564.091797 22.5795650797 51.0786465374 2.82814381699 0.00637072518674
51575.209961 22.4713083471 50.9564799224 2.82907314981 0.00500237033218
51586.325195 22.5684358829 51.0995297195 2.83269979996 0.00591862635125
51597.458008 22.6129526702 51.196636516 2.8385730237 0.00604474017636
51608.5791015 22.7394208157 51.3250680857 2.83558898896 0.00777672660199
51619.703125 22.7616792094 51.4127774504 2.84375900871 0.00747458846795
51630.8271485 22.8689241968 51.5255466335 2.84174829943 0.00890773891714
51641.9541015 22.9812279101 51.7479525224 2.85359501357 0.00943501708165
51653.0751955 22.9953923424 51.8784724103 2.86880344085 0.00854411806742
51664.1992185 23.1279309589 51.7375109314 2.82881501242 0.0129351022331
51675.326172 23.0904963878 51.8826490467 2.85420444138 0.0107107890961
51686.444336 23.1178135073 51.9390336383 2.85739787552 0.0108175118179
51697.568359 23.0641910136 51.8419268417 2.85294722959 0.0104811348035
51708.692383 23.0530618168 51.7521291588 2.84270574675 0.0110618475816
51719.807617 23.0156272457 51.642492453 2.83400858132 0.0112173873581
51730.9375 22.9033235324 51.7625707499 2.86796240423 0.00749240946062
51742.055664 23.1087078008 51.7510849997 2.83369564663 0.0123623637745
51753.185547 23.109719546 51.8387943644 2.84527021964 0.0115665076446
51764.303711 23.07329672 51.7406434087 2.83794386143 0.011638452973
51775.4335935 23.0156272457 51.9171062971 2.87075055101 0.00865228636312
51786.5576175 23.1977413753 52.1447329815 2.87220670683 0.0107484411036
51797.678711 23.4213370567 52.5237627359 2.88736983681 0.0123904438917
51808.796875 23.6661793865 52.7806258752 2.88276992324 0.0156715516462
51819.9296875 23.7673539029 52.8192597621 2.87179385412 0.0176618031107
51831.041992 23.8837045969 52.8725118763 2.86035071611 0.0198688666185
51842.1660155 23.9535150132 52.9717069911 2.86252528022 0.020562268508
51853.290039 23.8250233773 52.7639193296 2.85513679025 0.0195225807204
51864.419922 23.5852397733 52.3786246206 2.84172134086 0.01755849321
51875.538086 23.4102078598 52.1405563451 2.83774814422 0.0157202531466
51886.6679685 23.4678773342 52.5811914866 2.88765056506 0.0129332624854
51897.786133 23.7855653159 52.8234363985 2.86944421047 0.0180462076584
51908.9072265 23.9939848198 53.0729904241 2.86967812273 0.0205529887376
51920.03125 24.1801459301 53.3413393135 2.87601819292 0.022365786367
51931.1464845 24.2327566786 53.2327467668 2.85296624455 0.024612838414
51942.276367 24.0516542942 53.0771670605 2.86101275737 0.0218564639647
51953.400391 23.9241744035 52.808818171 2.84531584476 0.0214084620726
51964.524414 23.7774713546 52.8683352399 2.87677407717 0.0174365381886
51975.6484375 23.8634696936 53.0385331737 2.8859167731 0.0178390534304
51986.7753905 23.9393505809 52.8871301037 2.85341651092 0.0210266751818
51997.887695 23.7784830998 52.6313111235 2.84476147514 0.0196837061485
52009.0146485 23.4486541761 52.1447329815 2.832170735 0.0165742115863
52020.1328125 23.1643537849 51.7709240227 2.82747741403 0.0134681169265
52031.2568355 22.9478403196 51.6602431578 2.84718370479 0.00947991000196
52042.3779295 23.0095567747 51.7646590681 2.85131571412 0.00993587538082
52053.5078125 23.1734594913 52.0935691855 2.86922317094 0.0106635997713
52064.6289065 23.1501893526 51.8983114332 2.84678400451 0.0119492726999
52075.741211 23.1623302945 52.0789509581 2.86903933474 0.0105420905993
52086.8681645 23.4648420987 52.413081871 2.86557049971 0.0144380758795
52097.989258 23.4466306858 52.4089052346 2.86791746975 0.0140541386239
52109.1103515 23.4860887472 52.1885876639 2.8320719183 0.0170335304204
52120.234375 23.3909847017 52.5456900771 2.89515820392 0.0114799695106
52131.3583985 23.7066491931 52.7733167615 2.87532088205 0.0166811269731
52142.4824215 24.0374898619 53.0166058325 2.85513035564 0.0220955582734
52153.6064455 24.0425485877 53.3893706323 2.90451455319 0.0187091309571
52164.7304685 24.5383037184 54.0826922766 2.91868847262 0.0237307508194
52175.857422 25.1170219525 54.8073386941 2.92391694515 0.0303978878858
52186.975586 25.3770404598 54.9681391959 2.90392652305 0.0349583486348
52198.0966795 25.4680975246 54.6266991693 2.84296710728 0.0403232565869
52209.223633 25.3578173017 54.5034883951 2.84401771667 0.0389067273514
52220.338867 25.2404548626 54.6997903065 2.88949226088 0.0343031804085
52231.46875 25.4701210149 55.0307887421 2.89745433051 0.0365439409327
52242.586914 25.5186847828 54.9629184004 2.880424765 0.0383245275483
52253.7226565 25.1888558592 54.3959400075 2.85662430392 0.0359698583837
52264.837891 24.6151963509 53.4467993829 2.82051637407 0.0315179371335
52275.961914 24.1143824944 53.0709021059 2.8501303909 0.0233761717908
52287.0771485 23.9241744035 52.9643978774 2.86623522253 0.019947998271
52298.2041015 23.9009042647 53.0030317642 2.87515395402 0.019043614541
52309.325195 23.9170921873 53.0792553787 2.88282118634 0.0187043197768
52320.4521485 23.9353036003 52.8443195805 2.84830803182 0.0213343164214
52331.573242 23.8705519097 52.8620702853 2.86105013638 0.0196608198874
52342.703125 23.7683656481 52.9038366494 2.88300313105 0.0168914817056
52353.821289 23.8341290838 52.7722726024 2.8548035362 0.019656053121
52364.939453 23.7633069223 53.0072084006 2.89771548835 0.0158031439549
52376.0664065 23.96464421 53.3277652452 2.90867760542 0.0174749600833
52387.1845705 24.4229647696 53.8592422286 2.90698454617 0.0231482736733
52398.308594 24.8610504259 54.5536080321 2.93063766306 0.0268163068513
52409.4296875 25.7382334835 56.023784049 2.98940665961 0.0333924236719
52420.553711 27.2012169915 58.0369227996 3.02884775351 0.0485333399188
52431.674805 28.2301618239 58.9495178555 2.98763668418 0.0640592827364
52442.807617 28.4254286407 58.2374013473 2.85757485911 0.0755457730859
52453.9228515 27.5047405409 56.9019218546 2.82380575023 0.0665738833386
52465.055664 26.2785054014 55.3450806321 2.80984988911 0.0525240649792
52476.1708985 25.2343843916 54.2069472099 2.82373003842 0.0388204143329
52487.2919925 24.3531543532 53.2786897674 2.83986901959 0.0269870736729
52498.418945 23.9100099711 52.8370104668 2.85137095356 0.0208142389658
52509.548828 23.7703891384 52.9351614225 2.88689226566 0.0166444504666
52520.6640625 23.8270468677 52.8025532164 2.8600056053 0.0192071596648
52531.7822265 23.761283432 52.574926532 2.83993888187 0.0198122716247
52542.9121095 23.355573621 52.230354028 2.85850404636 0.0136111349224
52554.0273435 23.3687263081 51.9933299116 2.82464523291 0.0161338434812
52565.1484375 22.9943805972 51.8847373649 2.86980326782 0.00846211155432
52576.272461 23.0550853071 51.8732516148 2.85859118747 0.00997723773649
52587.387695 23.0196742263 52.1854551866 2.90605300204 0.00623650689967
52598.520508 23.1947061398 52.148909618 2.87325050122 0.0106389264707
52609.6416015 23.1997648656 52.0914808673 2.86474832757 0.01129356889
52620.765625 23.1522128429 52.1207173222 2.87624877007 0.00991664633795
52631.8896485 23.263504811 52.3566972794 2.89013690712 0.0102907090078
52643.0166015 23.2493403787 52.2898710969 2.88343359988 0.0105876504834
52654.140625 23.275645753 52.2251332325 2.87055713651 0.0118042652516
52665.258789 23.2260702399 52.3003126879 2.88854561473 0.00994978283887
52676.376953 23.4081843695 52.4402300077 2.87825777477 0.0128676674822
52687.506836 23.3484914048 52.473643099 2.89226863508 0.0111683427704
52698.6220705 23.3616440919 52.5174977813 2.89605609791 0.011062812678
52709.751953 23.5225115731 52.5874564412 2.87976834888 0.0141439125931
52720.870117 23.3758085243 52.3817570979 2.87557957796 0.012663477775
52732.0 23.5134058666 52.5091445085 2.87070849558 0.014666346251
52743.118164 23.4324662535 52.3660947114 2.86443515882 0.0141260853519
52754.248047 23.3181390499 52.1708369591 2.85649937136 0.013298903444
52765.369141 23.1825651978 52.1708369591 2.87812545769 0.0101520180408
52776.493164 23.0530618168 51.7020095219 2.83600157041 0.0115298924242
52787.6083985 22.833513116 51.7458642042 2.87684637906 0.00603048395574
52798.7441405 22.9751574391 51.9964623889 2.88782543928 0.00697203364251
52809.856445 23.0662145039 51.9901974343 2.87247465789 0.00914226459927
52820.9804685 23.0550853071 52.0403170712 2.88096142771 0.00841548353579
52832.104492 23.0813906814 52.3065776425 2.91245554389 0.00653416949438
52843.222656 23.2291054754 52.2658554375 2.8834408799 0.0103428122096
52854.3466795 23.0095567747 51.9640934567 2.87800914455 0.00807230231879
52865.4677735 22.8810651388 51.9087530243 2.89107126802 0.00561069553806
52876.5888675 23.0044980489 52.1447329815 2.90301370997 0.0062656092564
52887.709961 23.0560970522 52.0998341401 2.88877360593 0.00788229234541
52898.8369145 22.9154644744 51.9129296607 2.88615084756 0.00636900934222
52909.9609375 22.7343620899 51.7458642042 2.89263325846 0.00373328142054
52921.084961 22.6938922833 51.7406434087 2.89837669946 0.00284466508917
52932.206055 22.8527362742 51.7667473863 2.87657871216 0.00628092017834
52943.3359375 22.9893218714 52.2376631417 2.9178886284 0.00504406133679
52954.4541015 23.4263957825 52.9007041721 2.93720650345 0.00897227803379
52965.578125 23.7572364513 53.3016612676 2.93832590117 0.0128945209324
52976.7021485 23.9848791133 53.2922638357 2.90065787401 0.0182798940778
52987.817383 23.7703891384 52.8808651491 2.87959084078 0.0171541915713
52998.9472655 23.6762968381 52.8359663077 2.88859183836 0.0153874756756
53010.0654295 23.6965317414 53.123110061 2.92398420291 0.0131613601824
53021.1953125 23.7562247061 52.8766885127 2.88129331599 0.0168639477331
53032.3193355 23.7117079189 52.9059249676 2.89233931121 0.0155542002979
53043.4404295 23.7127196641 52.9153223995 2.89344134921 0.0154895021717
53054.5673825 23.577145812 52.6292228053 2.87665191451 0.0150219880926
53065.6914065 23.2564225948 52.4266559393 2.90065248483 0.00947105274196
53076.803711 23.3080215982 52.5655291 2.91106089295 0.00936754882802
53087.9306645 23.2098823173 52.2501930509 2.88440684742 0.0100432788687
53099.051758 23.1613185494 52.2898710969 2.89747190932 0.00854488831247
53110.181641 23.1208487428 52.240795619 2.89734431138 0.00806532655305
53121.299805 22.9964040875 52.0027273435 2.88527887518 0.00740610810484
53132.426758 22.8203604289 51.8502801145 2.89291238492 0.0047502979052
53143.5478515 22.8254191547 51.7813656137 2.88288490423 0.00551133743914
53154.6777345 22.7323385996 51.7187160675 2.88932386149 0.00393993933613
53165.7929685 22.7687614255 51.794939682 2.89372265863 0.00407178512358
53176.919922 22.8567832548 51.7970280003 2.87998560221 0.00609186340734
53188.038086 22.7454912867 51.7187160675 2.88723005695 0.00424461595814
53199.1708985 22.6706221445 51.7197602266 2.8992868461 0.00250076414871
53210.286133 22.8244074096 51.9588726612 2.90680518197 0.00382917258789
53221.4160155 22.857795 51.8941347968 2.8928206957 0.00520799321427
53232.5341795 22.9721222036 51.9682700931 2.88453366411 0.00716523444708
53243.666992 22.9184997099 51.916062138 2.88608668357 0.0064100915922
53254.7822265 22.8689241968 52.0643327306 2.91384011478 0.00387472656557
53265.915039 22.9802161649 51.9578285021 2.8818457783 0.00745051641962
53277.0361325 22.9104057485 51.9233712517 2.88835461039 0.00615415247709
53288.1601565 22.9893218714 52.098789981 2.89927574538 0.00634349969438
53299.2841795 23.0277681876 52.1875435048 2.90504296819 0.00640466984915
53310.411133 23.0783554459 52.1812785501 2.89614010471 0.00763658793831
53321.5322265 22.9700987133 52.2042500504 2.91647237861 0.00491106049284
53332.6533205 23.0500265813 52.1280264359 2.89351881661 0.00747776566582
53343.7714845 23.0945433685 52.3086659607 2.91063890954 0.00681971513676
53354.901367 23.1916709043 52.1175848449 2.86953682106 0.0108615502346
53366.0253905 23.0540735619 52.2460164145 2.90868905456 0.00646750160743
53377.1523435 23.2736222626 52.2689879148 2.87675977475 0.0113467983151
53388.2646485 23.2017883559 52.1374238678 2.87058177536 0.0109107422995
53399.385742 23.1279309589 52.2387073008 2.89593517207 0.00824918066365
53410.5009765 23.2078588269 52.372359666 2.90111381472 0.00885246990061
53421.625 23.2260702399 52.5112328267 2.91684493415 0.0079740963691
53432.7460935 23.3070098531 52.4047285982 2.88963990638 0.0108508120952
53443.855469 23.2422581625 52.2992685288 2.88582353232 0.010335282187
53454.979492 23.1329896848 52.2345306644 2.89456865465 0.00840563876512
53466.1035155 23.0146155005 52.1165406858 2.89762344469 0.00676397861893
53477.227539 22.9478403196 52.0183897301 2.89511470592 0.00613365884246
53488.357422 22.9397463583 51.9494752293 2.88717540156 0.00659031521793
53499.487305 22.9063587679 52.0006390253 2.89934576811 0.00533801470213
53510.605469 22.845654058 51.8053812731 2.88287580447 0.00575591207732
53521.7294925 22.8294661354 51.9244154108 2.90138604268 0.00426848671386
53532.850586 22.8901708453 51.9922857525 2.90080567454 0.00504089293003
53543.9716795 22.9023117872 52.2428839372 2.93245126579 0.00297798891073
53555.0957035 22.8972530614 52.159351209 2.92205971905 0.00364246318101
53566.2197265 22.8132782127 52.2293098689 2.94481152873 0.00104164270099
53577.34375 22.9832514004 52.2846503013 2.92515616291 0.00446346072345
53588.470703 23.0014628134 52.3431232111 2.93009625929 0.00433825509258
53599.588867 22.9033235324 52.4819963718 2.96436576592 0.000762112716744
53610.707031 23.0601440329 52.4172585074 2.93068950944 0.00500480966085
53621.836914 23.0773437007 52.3848895752 2.92360500396 0.00570694692721
53632.9609375 23.0338386586 52.4496274396 2.93922573659 0.00409147518312
53644.0820315 23.1006138395 52.4089052346 2.92311751009 0.00602179293657
53655.200195 23.189647414 52.473643099 2.91760854357 0.00748104646745
53666.330078 23.1916709043 52.6354877599 2.93901517161 0.00601099410976
53677.448242 23.3029628724 52.6083396233 2.91761660616 0.0088487702091
53688.578125 23.3100450886 52.6657683739 2.92419989673 0.00847470321902
53699.7021485 23.2473168884 52.5937213958 2.92453079924 0.0076940599401
53710.8261715 23.2645165561 52.595809714 2.92206755981 0.00807372262424
53721.9414065 23.3727732888 52.7503452613 2.92555333774 0.00913794446993
53733.0654295 23.4749595504 52.9174107177 2.9317002868 0.00994357301932
53744.1865235 23.761283432 53.0656813104 2.9059065392 0.0152068107617
53755.3193355 23.7157548996 53.2431883579 2.9370796465 0.0124796602032
53766.431641 23.9130452066 53.3382068362 2.91833778231 0.0161757695461
53777.5410155 24.0455838232 53.6566753626 2.94007401852 0.0162633521318
53788.6679685 24.3379781758 53.7287223407 2.90298055087 0.0223969547948
53799.786133 24.3359546854 53.7067949996 2.90034529799 0.0225563922572
53810.913086 24.2529915819 53.6754702265 2.90940697507 0.0209177964595
53822.0341795 24.1659814978 53.4436669056 2.89207635737 0.0210730359165
53833.161133 24.1204529654 53.4541084967 2.90077221054 0.0199142230396
53844.2822265 24.1406878687 53.6023790893 2.91752739406 0.0189896750729
53855.4091795 24.2307331883 53.7840627732 2.92762855735 0.0193758399635
53866.533203 24.2914378982 53.6848676584 2.90451735078 0.0217252976773
53877.6572265 24.3217902531 53.6263947486 2.89176571899 0.022983592724
53888.78125 24.3389899209 53.6055115666 2.88619309574 0.0235812228853
53899.9052735 24.3733892565 53.7088833178 2.89462947584 0.0234094559511
53911.0263675 24.2661442691 53.7297664998 2.91462809388 0.0207127496934
53922.1533205 24.3056023305 53.5637452025 2.8859080492 0.0231962388193
53933.2714845 24.2681677594 53.6692052719 2.90613102519 0.021330496433
53944.3984375 24.2681677594 53.4300928373 2.87388363158 0.0235818134455
53955.522461 24.087065375 53.3643108138 2.89401342249 0.0199815484999
53966.643555 23.8493052613 53.2557182671 2.91741879768 0.0154683227412
53977.767578 23.9302448744 53.2379675623 2.9020842176 0.0175187389581
53988.8945315 23.8644814387 53.1826271299 2.90514951505 0.0165085871462
54000.0185545 23.8826928517 53.2296142895 2.90856433942 0.0164906367036
54011.1396485 23.810858945 53.0531514011 2.89629555683 0.0164777012121
54022.272461 23.8928103034 53.2212610167 2.90582145905 0.0168046080829
54033.387695 23.65707368 52.9821485821 2.91132107234 0.0135681508852
54044.517578 23.6307683057 52.9675303547 2.9135573818 0.0130938855234
54055.635742 23.6317800509 52.9445588544 2.91030601716 0.0133331115722
54066.768555 23.6429092477 52.9414263771 2.90810670923 0.0136212479862
54077.883789 23.491147473 52.9831927412 2.93796332089 0.00970197933519
54089.0107425 23.6338035412 53.0458422874 2.92360805678 0.0124289152323
54100.1289065 23.6277330702 53.2943521539 2.95803534492 0.00995199818747
54111.2529295 23.7754478643 53.3141911769 2.9371029249 0.0132002595473
54122.3740235 23.7714008836 53.4144304507 2.9512570898 0.0121631319984
54133.498047 23.7198018802 53.1878479254 2.92898075121 0.0130940348027
54144.625 23.6661793865 53.1805388117 2.93656529399 0.0119158858452
54155.7490235 23.5801810475 53.1074476745 2.94046437353 0.0106036890009
54166.870117 23.5113823763 53.0834320151 2.94821948312 0.00923054072526
54178.0 23.5336407699 53.1293750156 2.95084873875 0.0093160475093
54189.118164 23.601427696 53.0343565373 2.92723458124 0.0117842175511
54200.2392575 23.5639931249 53.1627881069 2.95049933728 0.00970738633984
54211.366211 23.6236860896 53.1596556296 2.94054269375 0.0111242877193
54222.481445 23.7117079189 53.1962011982 2.93139898172 0.0128272915198
54233.6083985 23.6995669769 53.3162794951 2.9495118566 0.011415890906
54244.729492 23.6601089155 53.2964404721 2.95314414382 0.0106850288297
54255.856445 23.6095216573 53.2588507444 2.95616265824 0.00986250927352
54266.977539 23.7289075867 53.2317026077 2.93343083379 0.0128935176204
54278.104492 23.6196391089 53.0479306056 2.926151877 0.0120800268125
54289.2285155 23.6307683057 53.1293750156 2.93533499773 0.0115735047506
54300.3554685 23.571075341 53.0855203333 2.93896759538 0.0105980895056
54311.4677735 23.7015904672 53.3027054267 2.94735984416 0.0115906091394
54322.5947265 23.8027649837 53.3716199275 2.94047388828 0.0132954860594
54333.7158205 23.7471189997 53.6149089985 2.98217110603 0.0097111011016
54344.839844 23.761283432 53.5240671566 2.96765485019 0.0108959190133
54355.963867 23.8917985582 53.4582851331 2.93791879134 0.0145515192039
54367.0908205 23.8816811065 53.3831056777 2.92940373846 0.0150235087875
54378.2089845 23.9626207197 53.447843542 2.92518359298 0.0162981089363
54389.3330075 23.8219881418 53.5762751117 2.96499161975 0.0118164496003
54400.4541015 23.9656559552 53.6326597033 2.94962183601 0.0146287345614
54411.5839845 24.0041022715 53.8926553199 2.97856861529 0.013073450802
54422.7021485 24.1862164011 53.7036625223 2.92390424277 0.0190962479749
54433.8232425 24.0860536298 53.599246612 2.92584977418 0.0177466702291
54444.950195 23.9039395002 53.5564360887 2.94921153531 0.0139101105477
54456.0654295 23.8240116322 53.4290486782 2.94481693275 0.01324941334
54467.1865235 23.8766223807 53.5021398154 2.94625824232 0.0137855917977
54478.3134765 23.9636324649 53.7391639318 2.96431782912 0.0135782461266
54489.4345705 24.044572078 53.842535683 2.96532419898 0.014488282327
54500.5585935 24.160922772 53.7882394096 2.93937018172 0.0177099612649
54511.6884765 24.1973455979 53.944863275 2.95469167533 0.0170817478494
54522.806641 24.3723775114 53.8435798421 2.91297572805 0.0221163604417
54533.9365235 24.1862164011 53.7255898634 2.92686362877 0.0188896416326
54545.051758 24.2560268174 53.8341824101 2.93034507774 0.0194928231225
54556.1845705 24.3106610563 53.9312892067 2.93471002671 0.0198505240245
54567.3027345 24.376424492 54.1234144817 2.9501405712 0.019570824066
54578.432617 24.4978339118 54.349997007 2.96133485289 0.0202622878212
54589.550781 24.5372919732 54.2309628693 2.9389017914 0.0223073000003
54600.6777345 24.4705167923 54.0774714811 2.92884980452 0.0221987136812
54611.7958985 24.3369664306 53.8540214331 2.92005927529 0.0211923521031
54622.9169925 24.1599110268 53.7433405682 2.93347106059 0.0181095407329
54634.038086 24.1123590041 53.7464730455 2.94150590779 0.0169723705786
54645.165039 23.9656559552 53.6514545671 2.95215762211 0.0144517013892
54656.2890625 23.9666677004 53.5720984753 2.94129058367 0.0152226237955
54667.4130855 23.9353036003 53.5261554748 2.94011158874 0.0149251500873
54678.5341795 23.9484562874 53.5950699756 2.9473022309 0.0145824016338
54689.6640625 23.994996565 53.5428620204 2.93281551392 0.0161573730693
54700.7822265 23.8675166742 53.599246612 2.96081049597 0.0126594166471
54711.90625 23.9160804421 53.6681611128 2.96234160547 0.0131404380433
54723.0302735 24.0121962328 53.8362707283 2.96965861318 0.0137935240523
54734.145508 24.0911123556 53.9761880481 2.97593019123 0.0143116489447
54745.275391 24.1113472589 53.7537821592 2.94265447008 0.0168799259995
54756.393555 23.9504797777 53.812255069 2.97628912149 0.0125832151673
54767.5234375 24.0152314683 53.8780370925 2.9748135301 0.0134704015478
54778.6445315 24.216568756 54.0419700716 2.96473597037 0.0166135243339
54789.768555 24.3126845467 54.106707936 2.95809353875 0.0182425667487
54800.8867185 24.3895771792 54.4888701677 2.9974881777 0.0164248404303
54812.0195315 24.394635905 54.4826052131 2.99582907062 0.0166020323735
54823.131836 24.4796224988 54.401160803 2.97118008567 0.0193539609903
54834.2646485 24.6678070994 54.5055767133 2.95514279996 0.0227579503274
54845.379883 24.7527936932 54.9023571725 2.99529814343 0.0209867586357
54856.498047 24.8822970743 54.9201078772 2.97691984093 0.0238433853724
54867.625 25.0087652199 55.1331163342 2.98552920857 0.0247798021609
54878.743164 25.2222434496 55.3576105414 2.98173156154 0.0276419443013
54889.8671875 25.3557938113 55.5883697031 2.99164767269 0.0285754611572
54900.9882815 25.4144750309 55.5747956348 2.98035960247 0.0300781667655
54912.1123045 25.3153240047 55.6217827944 3.00270541763 0.0273107183957
54923.2333985 25.3011595724 55.5727073166 2.99830331566 0.0274455998667
54934.366211 25.3254414564 55.5643540437 2.9932611262 0.0280932434946
54945.481445 25.2273021754 55.3576105414 2.98091824697 0.0277602924712
54956.6054685 25.113986717 55.2291789717 2.98167461846 0.0263286738443
54967.729492 24.7993339708 54.9441235366 2.99349689152 0.0216779175026
54978.8447265 24.6060906444 54.5494313957 2.97098253361 0.0209027544576
54989.974609 24.5878792314 54.3959400075 2.95311631819 0.0219289770744
55001.0927735 24.3723775114 54.2977890518 2.97437597868 0.0178297681526
55012.2226565 24.2398388948 54.0127336167 2.95705814865 0.0174316294984
55023.3466795 24.0546895297 53.680691022 2.94185745698 0.0162491466718
55034.4677735 23.7663421578 53.3820615185 2.94770330798 0.0123500243161
55045.597656 23.5326290248 53.2223051758 2.96352204624 0.00841904344989
55056.71875 23.4891239827 53.1283308565 2.95781665172 0.00829148310217
55067.831055 23.3839024856 52.9758836275 2.95410003632 0.00727944321298
55078.9580075 23.3262330112 52.9539562863 2.96035360865 0.0061461960437
55090.0791015 23.3505148951 53.173229698 2.98598609496 0.00465000306232
55101.2089845 23.3009393821 53.2734689718 3.00739520086 0.00255653534465
55112.3271485 23.5043001602 53.518846361 3.00800587513 0.00497101149571
55123.4541015 23.5639931249 53.5407737022 3.00143012825 0.00615170808734
55134.575195 23.6469562284 53.5104930882 2.98409429424 0.00836520146217
55145.6992185 23.6520149542 53.5230229974 2.98497563986 0.00836485335688
55156.8203125 23.6773085833 53.7610912729 3.01305423967 0.00671050508322
55167.926758 23.7521777255 53.7903277278 3.00503636715 0.00817599400278
55179.053711 23.7754478643 53.5261554748 2.96567236065 0.0112057151972
55190.1777345 23.6864142898 53.4561968149 2.97046935832 0.00979366458531
55201.3046875 23.6874260349 53.5428620204 2.98199296749 0.00900139447585
55212.428711 23.6550501897 53.6107323621 2.99632035442 0.00760954418731
55223.5527345 23.6560619348 53.6138648394 2.99658128013 0.00760356465305
55234.676758 23.8644814387 53.5230229974 2.95101557917 0.0133064973378
55245.800781 23.7177783899 53.5585244069 2.97925488795 0.00955972057957
55256.921875 23.8594227129 53.7934602051 2.98831429876 0.0106412936608
55268.051758 23.9798203875 53.8968319563 2.98301752542 0.0124687807005
55279.169922 23.9059629905 53.9740997299 3.00527007692 0.010020941618
55290.299805 24.1416996138 54.2121680054 2.9997362138 0.0132626153431
55301.4208985 24.4462349084 54.3562619616 2.97045374799 0.0189995581905
55312.5478515 24.3976711405 54.2361836648 2.96198777235 0.0190014446176
55323.6660155 24.3956476501 54.1766665959 2.95426153756 0.0195162976547
55334.7958985 24.2833439369 54.1140170497 2.96378157304 0.0174896897892
55345.9140625 24.3501191177 54.0534558218 2.94489748167 0.0196178128802
55357.043945 24.3197667628 54.3917633711 2.99552408771 0.0157152758017
55368.1591795 24.6688188446 54.7321592387 2.98568612583 0.0206378871261
55379.286133 24.7598759094 54.7321592387 2.97107628344 0.0227638150026
55390.4072265 24.7335705351 54.7363358751 2.97586374829 0.0221100431959
55401.537109 24.8266510903 54.5201949408 2.93163345342 0.0263287646299
55412.6552735 24.616208096 54.3374670978 2.94065808194 0.0231426569287
55423.7851565 24.3794597275 54.0806039584 2.94386626177 0.0200456740376
55434.9033205 24.2529915819 53.9438191159 2.94563976421 0.0183882433554
55446.0332035 24.290426153 53.8456681603 2.92638653446 0.0201862565131
55457.1484375 24.2540033271 53.7527380001 2.91967322957 0.0202133348297
55468.2753905 24.3045905853 53.6963534085 2.90396052716 0.0219236561569
55479.393555 24.4351057116 54.0565882991 2.93170253373 0.0215699073161
55490.508789 24.6556661574 54.5880652825 2.96826526731 0.021694389376
55501.6416015 24.9986477682 55.0506277651 2.97595184405 0.0253254093114
55512.7626955 25.4256042277 55.5017044976 2.96862243367 0.0310331388733
55523.8867185 25.8242318225 55.9506929118 2.96558263578 0.0361046537152
55535.0107425 26.1864365914 56.2931770976 2.95389745063 0.0413424779337
55546.1347655 26.1156144299 55.9193681387 2.91432521737 0.0432400214325
55557.25 26.0134281683 56.1981586192 2.9688383141 0.0381863947703
55568.3740235 26.3442688371 56.7912409897 2.99650523914 0.040296793305
55579.495117 26.7348024706 57.0658548338 2.97099376136 0.0468559817372
55590.6279295 26.7459316675 57.0595898792 2.96833504837 0.047177871295
55601.743164 26.6184517767 56.6158222604 2.92820216074 0.0484191097455
55612.873047 26.2936815789 56.2221742786 2.9268908655 0.0445384651089
55623.991211 25.9901580295 55.6040320897 2.89160679996 0.0432941364757
55635.1210935 25.5955774153 55.3931119509 2.92649227484 0.0360454452845
55646.239258 25.4923794085 55.2772102904 2.92734738638 0.0347281645463
55657.366211 25.4630387988 55.4849979519 2.96032560098 0.0320683730673
55668.484375 25.4195337567 55.049583606 2.90814652164 0.0351812599893
55679.6083985 25.1230924235 54.7948087849 2.92124196615 0.0306584887253
55690.729492 24.9126494292 54.420999826 2.90439318285 0.0292756778964
55701.8535155 24.5322332474 53.8811695698 2.89243074859 0.025490227664
55712.9804685 24.2752499756 53.5073606109 2.88316606709 0.0230196374566
55724.1044925 23.9595854842 53.3423834726 2.91145638447 0.0172197044293
55735.225586 23.7916357869 53.2452766761 2.92523252278 0.0142248659067
55746.355469 23.7936592772 53.1272866974 2.90902261328 0.0153810300253
55757.473633 23.7461072545 53.0604605148 2.90762966385 0.0149028903661
55768.5947265 23.7015904672 53.0092967188 2.90786001588 0.0143482470575
55779.72168 23.6206508541 53.0489747647 2.92613075192 0.0120937366289
55790.836914 23.6762968381 53.0834320151 2.92187722546 0.0130636922676
55801.966797 23.6671911317 53.0771670605 2.92248903093 0.0129108422261
55813.084961 23.5660166152 52.7346828747 2.89259666862 0.0137742633378
55824.211914 23.3080215982 52.4339650531 2.89340139762 0.0106004274523
55835.330078 23.3100450886 52.3692271887 2.88439277868 0.0112537942414
55846.459961 23.3454561693 52.3901103707 2.88154402358 0.0118804047801
55857.575195 23.4243722922 52.7315503974 2.91479215186 0.0105126607594
55868.7109375 23.3859259759 52.677254124 2.91363394507 0.0101289868719
55879.823242 23.5902984991 52.4966145992 2.85674638446 0.0165707030808
55890.9472655 23.5245350634 52.5916330776 2.8800060662 0.0141517772066
55902.071289 23.3879494662 52.4569365533 2.88372940222 0.0122411876147
55913.1953125 23.3535501306 52.3744479842 2.87815119291 0.0122150463842
55924.319336 23.3282565015 52.3493881657 2.87882572672 0.0118624187468
55935.4492185 23.3565853661 52.4569365533 2.88873487305 0.011512824523
55946.567383 23.4284192728 52.3921986889 2.86858314763 0.0137875948812
55957.691406 23.491147473 52.4454508032 2.86571402265 0.0147459861848
55968.8125 23.3474796596 52.4391858486 2.88780587989 0.0114676834368
55979.9277345 23.411219605 52.4391858486 2.87763318541 0.0129479468229
55991.057617 23.4678773342 52.5874564412 2.88849181273 0.0128745316864
56002.178711 23.5346525151 52.3817570979 2.85022093847 0.0163534996904
56013.305664 23.4071726244 52.393242848 2.87211465077 0.0132843183883
56024.4267575 23.3889612114 52.3347699383 2.86717746532 0.0134089669794
56035.553711 23.337362208 52.1562187317 2.85147283463 0.0138820207626
56046.668945 23.2928454208 52.1729252773 2.86081486928 0.0126921287588
56057.7988285 23.1663772752 52.0131689346 2.85958219608 0.0112511820318
56068.919922 23.0662145039 52.1280264359 2.8909385653 0.00785322681346
56080.0410155 23.1208487428 52.0831275945 2.87621298468 0.00954058734082
56091.1533205 23.1734594913 52.1990292549 2.88335637725 0.00967690521335
56102.262695 23.1947061398 52.2575021647 2.88780721787 0.00962266499453
56113.3867185 23.1350131751 52.331637461 2.90726775239 0.00754348775755
56124.510742 23.4263957825 52.2773411876 2.85350053971 0.0148161196317
56135.6347655 23.3758085243 52.2867386195 2.86283496506 0.0135532291823
56146.758789 23.3747967791 52.3629622341 2.87321970333 0.0128160067778
56157.8828125 23.4496659213 52.4203909847 2.8689740367 0.0140170554486
56169.006836 23.3717615436 52.5738823729 2.9020113815 0.010769277806
56180.1367185 23.4476424309 52.5321160087 2.88429204251 0.0129231920698
56191.254883 23.3120685789 52.3890662116 2.88673142256 0.0111149643081
56202.378906 23.3707497984 52.2794295058 2.86266217239 0.0135041775057
56213.5 23.4688890794 52.4256117802 2.86660563984 0.0144147188648
56224.6152345 23.325221266 52.5237627359 2.90270924467 0.0101583544613
56235.745117 23.4648420987 52.7002256243 2.90412290015 0.0117465816141
56246.866211 23.5690518507 52.7419919884 2.89309402726 0.0137762380835
56257.993164 23.7390250383 52.869379399 2.88305961796 0.016532535008
56269.1142575 23.7805065901 53.0709021059 2.90353637439 0.0156048854204
56280.241211 23.9909495843 53.1513023568 2.88070429507 0.0197464490512
56291.356445 23.9626207197 53.2807780856 2.90267147962 0.0178697678557
56302.4863285 24.0465955684 53.4238278827 2.90851096584 0.0184791483527
56313.607422 24.0536777845 53.3684874502 2.89991944133 0.019164747885
56324.731445 24.0152314683 53.4039888597 2.91085564651 0.0179355522249
56335.849609 24.1093237686 53.497963179 2.90846600231 0.0192422392762
56346.979492 24.160922772 53.7036625223 2.92795379313 0.0185069841239
56358.0976565 24.1730637139 53.5094489291 2.89981113126 0.0206188733152
56369.227539 24.1437231042 53.4906540653 2.90197416323 0.0201122883818
56380.3427735 24.2145452657 53.8185200236 2.93487305939 0.018673843253
56391.4697265 24.326848979 53.8916111608 2.92675697492 0.0206020625204
56402.5908205 24.3632718049 53.8874345244 2.92035749968 0.0214905669942
56413.7119145 24.486704715 54.0701623674 2.92526687668 0.0226452817966
56424.8359375 24.6718540801 54.593286078 2.96637589876 0.022022868582
56435.959961 25.0482232813 54.8532816946 2.9412037359 0.0283541870411
56447.0839845 25.2333726464 55.1278955387 2.94872386114 0.0300817914349
56458.2080075 25.2455135884 54.9430793775 2.92167881576 0.032117682761
56469.3320315 25.206055527 54.937858582 2.92731415962 0.0312440289366
56480.4589845 25.120057188 54.4784285767 2.87885162285 0.0335809995764
56491.5771485 24.8822970743 54.3405995751 2.89838288865 0.0293263580086
56502.701172 24.7042299253 54.2570668468 2.91565859492 0.0259568305093
56513.825195 24.7436879868 54.2842149835 2.9130006392 0.0266216594437
56524.946289 24.7720168514 54.5985068735 2.95101201467 0.0243120716579
56536.073242 24.7710051062 54.4972234405 2.93745324189 0.0252463715385
56547.1972655 24.7183943576 54.1150612088 2.89417956933 0.0276284012651
56558.321289 24.5099748537 53.7986810006 2.88486006416 0.0257486299945
56569.4453125 24.2701912497 53.7067949996 2.91087956139 0.021023515748
56580.569336 24.1477700848 53.5198905201 2.90526843043 0.0199313450533
56591.696289 24.1336056525 53.5908933391 2.91711177415 0.0189328698956
56602.817383 24.1680049881 53.7673562275 2.93541708213 0.0180717732182
56613.9472655 24.3369664306 54.0826922766 2.95095682612 0.0190352729091
56625.0625 24.6647718639 54.3071864838 2.92877045198 0.0245622491837
56636.1865235 24.8812853291 54.582844487 2.93135010552 0.0270124906784
56647.307617 25.1706444462 55.0078172419 2.94250230228 0.0297527754619
56658.4345705 25.3740052243 55.1926334031 2.93490118982 0.0327589228984
56669.555664 25.5551076088 55.2845194041 2.91824369857 0.0361280793781
56680.685547 25.5298139796 55.181147653 2.90826780429 0.0365163066632
56691.803711 25.6228945348 55.3262857683 2.91300707311 0.0373198764656
56702.9335935 25.6633643414 55.5413825435 2.93574681984 0.0362256908546
56714.051758 25.9557586939 56.0864335952 2.96289254883 0.0378974835305
56725.178711 26.4413963729 56.5719675781 2.95082082359 0.0446738446298
56736.296875 27.0059501748 57.1640057895 2.94056455076 0.0523022414706
56747.417969 27.616032509 58.2217389608 2.98701886171 0.0565465904371
56758.541992 28.3222306339 58.9411645827 2.97149686801 0.0663204365443
56769.6572265 28.7370461513 59.1499964033 2.93279130826 0.0741387712432
56780.790039 28.7421048772 58.9286346735 2.90135510228 0.0763959012212
56791.908203 28.8179857645 59.2606772682 2.93490814526 0.0749902628216
56803.038086 29.3663516437 60.1826697561 2.97326264353 0.0790913365231
56814.15625 30.198006169 61.2268288591 2.98258542968 0.0887500647543
56825.283203 30.9709794747 62.2595022119 3.00020193137 0.0971337500529
56836.3984375 31.9635014812 63.618997364 3.02799686548 0.107582088982
56847.522461 33.265617508 65.3867587253 3.06306917603 0.121463621154
56858.643555 34.286468379 66.2408808715 3.01506424399 0.137679261359
56869.7734375 34.6142738124 66.3620033275 2.97767428223 0.144431993417
56880.8945315 34.3319969115 65.7616118433 2.93898755334 0.143565468696
56892.0097655 33.972827378 65.1163215176 2.90691464223 0.141271480074
56903.133789 33.7097736352 65.363787225 2.98594751077 0.132438128901
56914.254883 34.224751924 66.3985488961 3.04792133777 0.134606114222
56925.3847655 34.9764785813 67.0615899265 3.01742545461 0.14624046187
56936.5029295 35.1424047883 66.7337239681 2.94260766087 0.153565867476
56947.6328125 34.4068660536 65.5433825908 2.89536355825 0.147556814818
56958.7509765 33.419402773 64.4365739416 2.90244955923 0.134611552684
56969.8779295 32.8336023227 64.1556951429 2.95989506074 0.123238913397
56980.993164 32.6484529576 63.7422081381 2.93207690948 0.122857811445
56992.111328 32.3459411534 63.334986088 2.92466014555 0.11958359313
57003.2441405 31.8936910648 62.8807768782 2.93541682127 0.113172429916
57014.356445 31.3453251856 61.7478642515 2.86681809303 0.111112518436
57025.4804685 30.3426857275 60.1576099377 2.80984821508 0.102606615865
57036.604492 29.2580949111 58.9275905144 2.81698107123 0.0886625287116
57047.7197265 28.6419421059 58.893133264 2.91277869941 0.074362199412
57058.8466795 29.2064959077 60.2693349617 3.0114384373 0.0744484813968
57069.9677735 30.4064256729 62.1248056877 3.07409307538 0.0849507071297
57081.0947265 31.9078554971 63.6607637281 3.04309128413 0.105832370689
57092.2158205 32.7263573353 64.105575506 2.9705765138 0.121147306699
57103.3427735 32.6191123478 63.3433393608 2.88060700306 0.126083133411
57114.4609375 31.4454879569 61.3354214058 2.79260416632 0.117543560889
57125.584961 29.854012813 59.5008338619 2.79881983591 0.0973109190216
57136.706055 28.5488615507 58.23426887 2.83703609845 0.0785017680097
57147.8271485 27.1991935012 56.8914802636 2.87192163882 0.0594641443189
57158.9541015 26.1318023526 55.313755859 2.82927011232 0.0493757786063
57170.0751955 25.249560569 54.4042932803 2.84799562985 0.0373110534088
57181.1992185 24.6232903122 53.8696838196 2.87627758487 0.0277232983636
57192.326172 24.2863791724 53.568965998 2.88969135307 0.022699020777
57203.450195 24.1214647105 53.5115372473 2.90835293563 0.0193972422777
57214.5771485 24.216568756 53.5271996339 2.89523888825 0.0214653881828
57225.6953125 24.2610855433 53.8216525009 2.92784295072 0.0197288369495
57236.8134765 24.6475721961 54.1829315505 2.91471935377 0.0253343568628
57247.9404295 24.8165336386 54.4794727358 2.92774191685 0.0264775112817
57259.064453 25.021917907 54.6862162381 2.92277418291 0.0293209181363
57270.1884765 25.1453508171 54.6173017374 2.89360007069 0.0328590767532
57281.3154295 25.1929028398 54.5786678505 2.88072158862 0.0343367797543
57292.4365235 25.0411410651 54.5807561688 2.90539346876 0.0307681097684
57303.5693355 24.8398037774 54.2090355281 2.88740348875 0.0295764571548
57314.6845705 24.7973104805 54.0618090946 2.87431628208 0.0299737981655
57325.8056645 24.696135964 54.1818873914 2.90678753772 0.0264778520281
57336.9296875 24.6425134703 54.2518460513 2.92485286593 0.0245654715453
57348.0478515 24.6910772382 54.3343346205 2.92822449614 0.0249198168944
57359.171875 24.6425134703 54.0534558218 2.89802443322 0.0264384696457
57370.2929685 24.5211040506 53.8707279787 2.89280480145 0.0253290421504
57381.4169925 24.5524681507 53.8623747059 2.88664792708 0.0261395488644
57392.538086 24.4786107536 53.7224573861 2.87959840496 0.0257353603842
57403.667969 24.5089631086 53.7548263183 2.87910183116 0.0261383564444
57414.786133 24.4816459891 53.781974455 2.88714584705 0.0252452746773
57425.910156 24.4330822212 53.7882394096 2.89577558815 0.0240535589043
57437.0341795 24.4057651018 53.721413227 2.89113267069 0.0240463019727
57448.149414 24.4249882599 53.7255898634 2.88861576127 0.0244552189707
57459.279297 24.5635973475 53.7997251597 2.87640355937 0.026989836662
57470.397461 24.4523053794 53.6692052719 2.87662836741 0.0256235285488
57481.5273435 24.5818087604 53.9709672526 2.89661245804 0.0258000407283
57492.6513675 24.8772383485 54.1756224368 2.87687447916 0.0307664617561
57503.772461 24.9905538069 54.4126465532 2.89075083615 0.0311752084048
57514.890625 25.0512585168 54.3468645297 2.87209412349 0.0332159147676
57526.0234375 24.8782500936 53.8801254107 2.83677432777 0.0335783070191
57537.135742 24.486704715 53.5459944977 2.85449357786 0.027586243338
57548.2597655 24.4644463213 53.5303321112 2.85594930786 0.0272145253127
57559.383789 24.4968221666 53.6671169537 2.86921081882 0.0266815501382
57570.513672 24.6870302575 53.9897621165 2.88227501891 0.0280785813953
57581.631836 24.7871930288 54.4053374395 2.92241266348 0.0264930787823
57592.7617185 25.0613759684 54.4345738943 2.88234236229 0.0326234971166
57603.879883 25.0785756362 54.3593944389 2.86940099514 0.0337361846822
57615.003906 25.0553054975 54.268552597 2.86084631699 0.0340503884886
57626.125 25.0472115361 54.2873474608 2.86468979972 0.033683620204
57637.2548825 24.9237786261 54.0336167988 2.8502023357 0.0331942360965
57648.370117 24.6678070994 53.7120157951 2.84785023789 0.0302484648541
57659.5 24.4462349084 53.5031839745 2.85520752646 0.0270453488757
57670.629883 24.4199295341 53.4447110647 2.85154028187 0.0269822329901
57681.753906 24.3673187855 53.5616568843 2.87573907979 0.0246546391589
57692.8779295 24.4320704761 53.4259162009 2.84706111872 0.0274422324447
57704.0078125 24.4037416115 53.254674108 2.8285286127 0.0283923902691
57715.1259765 24.1164059847 52.9435146953 2.83266859131 0.0246197667288
57726.244141 24.0213019393 52.6615917375 2.80999527421 0.0250505366144
57737.3710935 23.8199646515 52.3765363024 2.80393170103 0.023036184629
57748.4951175 23.6348152864 52.281517824 2.82077752329 0.019620153725
57759.616211 23.5579226539 52.3107542789 2.83698067514 0.0175591766409
57770.7431645 23.4537129019 52.2157358005 2.84088002119 0.0160273160776
57781.8671875 23.5478052022 52.4297884166 2.85456486034 0.0162092384986
57792.9970705 23.5478052022 52.7012697834 2.89101585445 0.01366445165
57804.1152345 23.65707368 52.8129948074 2.88857539256 0.0151561159922
57815.2333985 23.829070358 52.8933950584 2.87189463494 0.0184016300944
57826.3603515 23.8098471999 52.7440803066 2.8548970976 0.0193556457585
57837.475586 23.5467934571 52.4381416895 2.85584734622 0.0161074716789
57848.602539 23.4840652569 52.3514764839 2.8542366145 0.0154616691982
57859.723633 23.3869377211 52.342079052 2.86848079222 0.0132935291899
57870.8535155 23.5862515185 52.2209565961 2.82041534984 0.0190581813175
57881.9716795 23.7005787221 52.4663339853 2.83506324461 0.0194182362189
57893.1015625 23.7865770611 52.5394251225 2.83112927655 0.0207333665172
57904.2255855 23.9656559552 52.869379399 2.84682199778 0.0218055944175
57915.3466795 24.087065375 52.9539562863 2.83876910373 0.0238383710435
57926.4736325 23.9697029359 52.6020746686 2.81025694531 0.0244073517649
57937.5976565 23.8199646515 52.3692271887 2.80295117631 0.0231046389051
57948.7246095 23.6074981669 52.2501930509 2.82094120589 0.0192783803076
57959.8427735 23.491147473 52.1008782992 2.81950994403 0.0179716741113
57970.9609375 23.4830535117 52.0695535261 2.81660543429 0.0180766211111
57982.087891 23.4749595504 52.2032058913 2.83580831044 0.0166381679483
57993.206055 23.5417347312 52.0194338892 2.80052143955 0.0199088336767
58004.3271485 23.4688890794 51.8387943644 2.78796836591 0.0199046953493
58015.4570315 23.3930081921 51.8481917963 2.80133888548 0.0180543118819
58026.569336 23.4425837051 51.7813656137 2.78448317211 0.0198301082905
58037.696289 23.3677145629 51.8367060462 2.80383851817 0.0175742190784
58048.814453 23.3626558371 51.5600038839 2.76763793772 0.0200404105196
58059.944336 23.2361876915 51.4263515187 2.76995633319 0.0183511267452
58071.068359 23.0894846427 51.2864341989 2.7746647255 0.0162515593189
58082.192383 22.9974158327 51.2279612891 2.78153391611 0.014661155322
58093.316406 22.9822396552 51.1976806752 2.77991110229 0.0145913839287
58104.4433595 22.8972530614 51.135031129 2.78509181193 0.0132047299237
58115.555664 22.9013000421 51.2561535849 2.80061049145 0.0121701102368
58126.6826175 22.8284543902 51.1318986517 2.79563149606 0.0116394297003
58137.8007815 22.7728084062 51.1037063559 2.80073121474 0.0106126578655
58148.930664 22.913440984 51.1120596287 2.77944864735 0.0137939068298
58160.048828 22.9164762195 51.0473217643 2.77033056577 0.0144670782794
58171.1816405 22.8719594323 51.115192106 2.78647407258 0.012803245424
58182.296875 22.9336758873 51.0650724691 2.76995778628 0.0147005254884
58193.4208985 22.863865471 51.003467082 2.77286300157 0.0136558994159
58204.541992 22.8628537258 51.0379243324 2.77761874753 0.0133116838278
58215.660156 22.7353738351 50.8802563079 2.77689935928 0.0118253109005
58226.787109 22.7970902901 50.9481266495 2.77611920476 0.0126235873779
58237.9052735 22.8021490159 51.0045112411 2.78283065842 0.0122160106393
58249.0322265 22.7758436417 50.91262524 2.7747702118 0.0124616793242
58260.1533205 22.7910198191 50.9449941722 2.7766682338 0.0125120877253
58271.283203 22.869935942 50.9888488546 2.7699471273 0.013932658931
58282.3984375 22.8365483515 50.8938303762 2.76259908739 0.014043126259
58293.525391 22.7991137804 50.8677263986 2.76508164888 0.0134185527574
58304.643555 22.8375600967 50.7006609421 2.73670596592 0.0158630236545
58315.7792965 22.6635399284 50.7821053522 2.77525635474 0.0110744973186
58326.9033205 22.7384090706 50.6578504189 2.74679332734 0.0139637076674
58338.027344 22.7262681286 50.5784943271 2.73816346283 0.0144198885475
58349.151367 22.7728084062 50.5899800772 2.73228286458 0.0153913056231
58360.275391 22.7333503447 50.4427536437 2.71897718271 0.015844701037
58371.399414 22.6352110638 50.2078178455 2.70336678738 0.0157521264962
58382.5234375 22.5694476281 50.1890229817 2.71133315822 0.0144038916746
58393.6445315 22.6908570478 50.2777765054 2.70380724081 0.0163917518749
58404.7685545 22.5714711184 50.4124730297 2.74071122833 0.0123772617376
58415.895508 22.7879845836 50.4479744392 2.71097346261 0.0170619131052
58427.0078125 22.7495382674 50.4291795754 2.71459487758 0.0163457257179
58438.137695 22.7940550546 50.4939174398 2.71611805188 0.0167759180552
58449.255859 22.7809023675 50.5795384862 2.72960457245 0.015675840765
58460.385742 22.8011372708 50.6797777601 2.73972552923 0.0152131534228
58471.506836 22.851724529 50.6045983047 2.72166194089 0.0170840697427
58482.633789 23.0004510682 50.7445156245 2.71659641409 0.019231311602
58493.7578125 23.023721207 50.8374457846 2.72526681052 0.0189067237888
58504.8847655 22.8537480193 50.4834758487 2.70522319212 0.018256118859
58515.9970705 22.7050214801 50.1326383901 2.68226982114 0.0180660281339
58527.121094 22.6635399284 50.3289403015 2.71495539026 0.0152843441303
58538.2421875 22.7171624221 50.2965713693 2.70211818859 0.0168266272619
58549.3720705 22.6817513414 50.2193035957 2.69748634228 0.0167233307313
58560.4902345 22.618011396 50.4281354163 2.73538948924 0.0133093190983
58571.620117 22.6908570478 50.2903064147 2.70547253641 0.0162754910578
58582.7382815 22.8466658032 50.3550442791 2.68927157834 0.0192843798405
58593.859375 22.7525735029 50.2349659822 2.68829407425 0.0182184666042
58604.9833985 22.6200348863 50.1650073223 2.70009435914 0.0157977835793
58616.113281 22.6989510092 50.0825187532 2.6765800885 0.0183901075702
58627.231445 22.8041725063 50.4166496661 2.70422990489 0.0177278282986
58638.352539 22.7728084062 50.3477351653 2.70006068084 0.0176408626356
58649.473633 22.6503872413 50.0323991162 2.67765461139 0.0177300092833
58660.5947265 22.7748318965 50.050149821 2.66020268824 0.0204478933828
58671.7158205 22.5583184313 49.9770586838 2.68495750143 0.0161112572804
58682.8398435 22.5704593732 50.1764930725 2.70950765765 0.014543521179
58693.9638675 22.771796661 50.3769716202 2.70410880658 0.0173460531893
58705.084961 22.9265936712 50.5241980537 2.69903728955 0.0195663527181
58716.2148435 22.9630164971 50.4093405524 2.67795671449 0.0214773512859
58727.333008 22.913440984 50.0292666389 2.63535553024 0.0238536124236
58738.462891 22.8173251934 49.7891100453 2.61879899048 0.0238506404768
58749.581055 22.5987882379 49.6084705204 2.6296383785 0.0204606847875
58760.696289 22.5461774893 49.462288246 2.61864405884 0.0205946592088
58771.814453 22.4743435826 49.6168237933 2.65054002607 0.0175030062611
58782.932617 22.4035214211 49.7692710223 2.68200900478 0.0144535848593
58794.0595705 22.6291405928 49.9499105471 2.67008663895 0.0180024212687
58805.1865235 22.8932060807 50.2057295273 2.66201443497 0.0217484448728
58816.307617 23.16536553 50.7810611931 2.69517498781 0.0227168810489
58827.4375 23.4435954503 50.8134301253 2.65509540549 0.0288754020872
58838.5585935 23.3960434275 50.8040326933 2.66143388701 0.0278583005885
58849.6708985 23.1137665266 50.5711852134 2.67545980337 0.0234704800524
58860.7978515 23.1107312911 50.3717508247 2.64941565106 0.0252520934111
58871.930664 23.0227094618 50.3581767564 2.66164152679 0.0233364483237
58883.057617 22.9923571069 50.3571325973 2.66633970789 0.0226422914005
58894.178711 23.0783554459 50.4469302801 2.66457423965 0.0238031091083
58905.305664 23.1785182172 50.7883703068 2.69405117592 0.022954110902
58916.426758 23.4607951181 51.0755140601 2.68728457128 0.0268360063341
58927.5566405 23.7440837642 51.4743828374 2.69527892436 0.029703446127
58938.671875 23.9069747357 51.3114940174 2.64747985316 0.0350119292082
58949.798828 23.902927755 51.1600909474 2.62791929323 0.036328533198
58960.916992 23.6773085833 51.0045112411 2.64323517631 0.0325290242132
58972.038086 23.8138941805 51.1788858113 2.6446636558 0.0340818440768
58983.165039 23.798718003 51.4232190414 2.67971054204 0.0314514227864
58994.2861325 23.9909495843 51.7792772955 2.69656888767 0.0326016639643
59005.413086 24.5737147991 52.1572628908 2.65384206047 0.0426505404775
59016.537109 24.9470487648 53.284954722 2.74544865199 0.0407903847028
59027.661133 25.815126116 54.3322463022 2.7472025853 0.0512395357131
59038.785156 26.5577470668 55.2531946311 2.75224910117 0.0599602231567
59049.9091795 26.7995541612 54.9357702638 2.67003623007 0.0686599618997
59061.036133 26.5101950441 54.4053374395 2.64492623447 0.0668710732102
59072.1572265 25.8677368646 53.4635059286 2.62137795553 0.0606657312845
59083.2871095 25.1433273268 52.4068169164 2.59586101099 0.0536207890743
59094.4023435 24.2438858755 51.2822575625 2.58965764672 0.0431303605299
59105.5263675 23.233152456 50.323719506 2.62350825041 0.0285385928864
59116.647461 22.6837748317 49.8465387959 2.64767696295 0.0202250980222
59127.768555 22.4551204245 49.634574498 2.65594916992 0.0168939702048
59138.895508 22.4864845246 49.6157796342 2.64847089556 0.0177936183959
59150.0166015 22.4500616987 49.7243721809 2.66865620633 0.0159459496864
59161.140625 22.7131154415 50.2422750959 2.69554656328 0.0172366535823
59172.2646485 23.0540735619 50.7716637611 2.71166613499 0.0202224442856
59183.388672 23.3697380533 50.8259600345 2.66855336104 0.0270434520065
59194.506836 23.2523756142 50.5784943271 2.65432813083 0.0266190529555
59205.6367185 22.9336758873 50.222436073 2.6577872085 0.0225315934218
59216.7548825 22.833513116 49.9540871835 2.63810739402 0.0226977887623
59227.8847655 22.7222211479 49.9519988653 2.65554979318 0.0201387064389
59238.9970705 22.8213721741 50.3059688012 2.68677588738 0.0191536914614
59250.121094 23.1734594913 50.7727079202 2.69277165865 0.0229823718329
59261.245117 23.4213370567 51.0901322875 2.69553326302 0.0257833074319
59272.3603515 23.6469562284 51.3417746314 2.69308679109 0.0286815764995
59283.4902345 23.9727381714 51.865942501 2.71107993404 0.03136804411
59294.6142575 24.3683305307 52.4370975304 2.72429075647 0.0352401119906
59305.7382815 24.9500840003 53.2285701304 2.73736704377 0.0413914932052
59316.8623045 25.5429666668 54.2142563236 2.77507398067 0.0459753650288
59327.9833985 26.1065087234 54.724850125 2.75339983381 0.0543636379178
59339.1103515 26.0579449555 53.9908062756 2.66187704904 0.0601601209887
59350.234375 25.3446646145 52.8140389665 2.61817612459 0.0545134581065
59361.3583985 24.4755755181 51.6539782031 2.60220137283 0.0450647046849
59372.479492 23.8988807743 51.5036192923 2.67443698331 0.0330319562052
59383.609375 23.9363153454 51.8210436596 2.71089725089 0.030939752277
59394.727539 24.2317449335 52.1332472314 2.70542355849 0.0349011071248
59405.8515625 24.3278607241 52.2063383686 2.6998250773 0.0364573377184
59416.975586 24.4138590631 52.2616788011 2.69346513167 0.0379444360663
59428.0908205 24.3561895887 52.1551745726 2.68842877358 0.0375965235596
59439.220703 24.1336056525 51.8419268417 2.68212289306 0.0353383652385
59450.338867 23.7886005514 51.4555879736 2.68565213206 0.0309141827638
59461.46875 23.6489797187 51.2394470393 2.67910247915 0.0296823488459
59472.589844 23.6702263671 51.1057946741 2.65787422678 0.0314213514999
59483.713867 23.4506776664 50.9272434675 2.66913075328 0.027981125522
59494.8320315 23.2432699077 50.4437978028 2.63786059991 0.0276587636059
59505.9648435 22.9781926746 50.4135171888 2.67609398084 0.0217904484712
59517.0771485 23.2382111819 50.8572848076 2.69371193798 0.0236984797885
59528.201172 23.4577598826 51.1141479469 2.6929223689 0.0264057280448
59539.325195 23.4537129019 50.7633104883 2.64680410204 0.0295765170992
59550.455078 23.2412464174 50.6160840548 2.66110623295 0.0260114615039
59561.573242 23.275645753 50.6150398957 2.65547986153 0.0268196532845
59572.703125 23.2240467496 50.547169554 2.65467839318 0.026252539101
59583.821289 23.1117430363 50.4323120527 2.65730750296 0.0247133425816
59594.9423825 22.9589695164 50.2610699598 2.65889104858 0.0227595880672
59606.0664065 23.0105685198 50.3216311878 2.65871807876 0.023394077019
59617.1728515 23.005509794 50.2955272102 2.65605450301 0.0235190051526
59628.299805 22.8274426451 50.0960928215 2.65792577189 0.0212410097435
59639.423828 22.6888335575 50.2443634141 2.69968896703 0.0166548848523
59650.5478515 22.7029979898 50.1869346635 2.68980419872 0.0175156424543
59661.671875 23.0004510682 50.2944830511 2.65672187392 0.0234113880606
59672.7958985 22.9306406518 50.1524774131 2.64897685288 0.0231100739877
59683.9169925 22.7981020353 50.0626797302 2.65816117993 0.020870894821
59695.043945 22.7465030319 49.9697495701 2.65404016297 0.0205367095996
59706.162109 22.513801644 49.8507154323 2.6752743832 0.0162512430174
59717.286133 22.6635399284 49.7494319993 2.63801914565 0.0206555650871
59728.404297 22.6321758283 49.7536086358 2.64356405263 0.0198906282653
59739.5341795 22.544153999 49.7567411131 2.65798342586 0.0178238578102
59750.6552735 22.6159879057 49.8601128643 2.66026493024 0.0185296863404
59761.7822265 22.6129526702 49.8131257046 2.65451541204 0.0188945238635
59772.900391 22.6554459671 49.8486271141 2.65246247058 0.0195497121842
59784.0302735 22.7009744995 49.9436455925 2.65782318633 0.0197239813111
59795.1513675 22.7525735029 49.9238065695 2.64697680544 0.0211029871731
59806.2783205 22.6817513414 49.8183465001 2.64425960486 0.0204392980097
59817.393555 22.7545969932 49.9509547062 2.65025725327 0.0208983522645
59828.5205075 22.6989510092 49.8434063186 2.6448459763 0.020605590394
59839.6416015 22.8375600967 49.9478222289 2.63663148284 0.0228496157797
59850.7626955 22.8527362742 50.0459731846 2.64724272836 0.0222917645925
59861.8867185 22.9700987133 49.8622011825 2.60415820504 0.0267149377497
59873.0166015 22.7991137804 49.8820402054 2.6340252758 0.0225681121251
59884.131836 22.7545969932 49.6533693619 2.61079099525 0.023653646511
59895.2734375 22.679727851 49.563571679 2.61080965425 0.0227501912554
59906.4091795 22.6271171025 49.6095146795 2.62526925327 0.0211069248122
59917.5683595 22.6483637509 49.7577852722 2.64154186676 0.020226805648
59928.7158205 22.5765298442 49.5969847703 2.63165770636 0.0200516375069
59939.8339845 22.6524107316 49.553130088 2.61377378614 0.0222141563709
59950.963867 22.4966019762 49.4873480645 2.62984795632 0.0192155625293
59962.084961 22.4652378761 49.3317683582 2.61423840635 0.0199277507884
59973.211914 22.4682731116 49.3881529497 2.62121892177 0.0194769511626
59984.3271485 22.4662496213 49.2545005845 2.60385322042 0.0206649604743
59995.4453125 22.353945908 49.086390969 2.59947515639 0.0196190245052
