Time		Tb_f1		Tb_f2		Q		W
249011.849609 17.7492783222 46.9265833117 2.11714773794 -0.000198085663476
249026.675782 17.7805972884 46.9045323239 2.11105721356 0.000531692685158
249041.5 17.7422062976 46.8744139016 2.11296025717 -1.03429180235e-05
249056.830078 17.7593812145 46.9185158772 2.11509019548 4.32066081776e-05
249073.132812 17.7341239837 46.9238941669 2.11879417179 -0.000468767073296
249087.9375 17.8109059654 46.8819435072 2.10504131416 0.00124569211147
249102.730469 17.8189882792 46.9852066695 2.11407608947 0.000761878823739
249117.564453 17.83111175 46.8706490988 2.10139698388 0.00169850266062
249132.390625 17.7523091899 46.975525748 2.12153105798 -0.000442597376724
249147.222656 17.7967619161 46.9373398911 2.11221507578 0.000635781823908
249162.048829 17.6644140267 46.8131013989 2.1167878368 -0.00110666922475
249176.873047 17.7159387776 46.8706490988 2.11590125709 -0.000485034428568
249191.710938 17.7543297684 46.9190537061 2.11577866039 -5.58740569489e-05
249206.535156 17.7997927838 46.9292724566 2.11104797379 0.000743019956357
249222.078125 17.7472577438 46.7136030394 2.09667888469 0.00107689503272
249237.640625 17.6623934483 46.7958908719 2.11536769472 -0.00103884356767
249252.464843 17.6866403898 46.7975043588 2.11247234409 -0.000589280655077
249267.292969 17.6755272083 46.6695010638 2.10142130944 -1.09054952542e-05
249282.107422 17.6735066298 46.7458727776 2.10910299194 -0.000519885276428
249296.937499 17.6714860514 46.6431474443 2.0993676716 7.48923735571e-05
249311.765625 17.7028050175 46.7727642262 2.10803042277 -0.000130386123024
249326.589843 17.6684551837 46.7447971197 2.10963425693 -0.000608984866689
249341.425781 17.6805786544 46.757167186 2.10931134372 -0.000455482283433
249356.25 17.6896712575 46.738343172 2.10633566439 -0.000167123036406
249371.824219 17.6987638606 46.6721902087 2.09875749626 0.000412910575472
249388.914062 17.6876506791 46.6452987602 2.09754190555 0.000367984176593
249403.730469 17.6583522913 46.6990816572 2.10645978739 -0.000518671881216
249418.56836 17.678558076 46.7458727776 2.10846708629 -0.000424153243262
249433.390625 17.7108873314 46.8442954792 2.1139725809 -0.000418251000986
249448.228515 17.7886796023 46.8475224531 2.10449078609 0.00103655434241
249463.070312 17.7381651407 46.8227823204 2.10844464001 0.00023146472234
249477.902343 17.7603915038 46.8426819923 2.10758221663 0.000530095571712
249492.722656 17.8220191469 46.8281606101 2.09840756342 0.00178810993054
249507.554688 17.7432165868 46.7523267253 2.10095414332 0.000761602893986
249523.082031 17.774535553 46.6872494199 2.09068096938 0.00175643748735
249538.625 17.7108873314 46.8007313326 2.10973368057 -0.000149621717842
249554.466797 17.7088667529 46.7378053431 2.10386668735 0.000200007465201
249570.302735 17.7997927838 46.8179418597 2.10021273766 0.00142967486318
249585.126953 17.6815889437 46.8190175176 2.11520142008 -0.000817663696151
249599.960938 17.7735252638 46.7534023832 2.09724209093 0.00132955251829
249614.78125 17.7270519591 46.8152527148 2.1091113094 6.72358687436e-05
249629.615235 17.7512989007 46.8260092942 2.10710482872 0.000460537404248
249644.443359 17.7512989007 46.7318892244 2.09794850516 0.00104079559433
249659.277344 17.7704943961 46.7308135665 2.0954266265 0.00141133025351
249674.107422 17.774535553 46.7641589626 2.09816120225 0.00128239718528
249688.943359 17.7209902237 46.7926638981 2.107676777 9.16131292578e-05
249703.769532 17.7725149746 46.7254352768 2.09464906872 0.00148278764503
249718.582032 17.7038153068 46.7544780412 2.10612440764 1.49046425896e-06
249733.763672 17.7270519591 46.7114517235 2.09901390091 0.000707132868161
249749.628906 17.6775477867 46.7534023832 2.10932667776 -0.00048971433881
249764.458985 17.691691836 46.7292000796 2.1051919966 -7.24715063967e-05
249779.279296 17.7088667529 46.8109500831 2.11098231245 -0.000250926767376
249794.115235 17.6189510113 46.8044961354 2.12167294385 -0.00191508052995
249808.941406 17.6836095221 46.7281244216 2.10610487262 -0.000219019815433
249823.761719 17.678558076 46.684560275 2.10250410497 -4.62648118928e-05
249838.582032 17.6553214236 46.7991178457 2.11657185911 -0.00119275548619
249853.421875 17.7331136945 46.7125273815 2.09835526224 0.000815406484181
249868.249999 17.6866403898 46.7458727776 2.10744961068 -0.000270977989442
249883.076172 17.6068275405 46.6409961284 2.10729691167 -0.00113704307944
249897.890625 17.7341239837 46.6528283657 2.09242284062 0.00120244744743
249912.730469 17.6876506791 46.6151803378 2.09461384063 0.000553542675552
249927.550782 17.748268033 46.7560915281 2.10068427349 0.000834153732559
249942.390625 17.7108873314 46.7044599469 2.10036917966 0.000443829170172
249957.216797 17.6815889437 46.6539040237 2.09914168119 0.000200080484521
249972.058593 17.7058358852 46.7049977759 2.10105747147 0.000344770171295
249986.882812 17.6866403898 46.5242872418 2.08590694824 0.00109423221055
250001.714844 17.5815703097 46.4882527008 2.09563031107 -0.000674778263397
250016.541016 17.7442268761 46.4887905298 2.0752074717 0.00240432085935
250031.378906 17.552271922 46.4710421737 2.09764491578 -0.00112382149788
250046.203125 17.5906629128 46.4532938177 2.09108987772 -0.000287296080291
250061.041016 17.6149098544 46.4463020411 2.08735924109 0.000215125020661
250075.849609 17.6361259282 46.4936309905 2.0892869063 0.00032573678585
250090.673829 17.6533008452 46.4242510533 2.0803852792 0.00107830354311
250105.505859 17.6805786544 46.5108415175 2.08536354788 0.00106214698968
250120.328125 17.5431793189 46.4522181598 2.09696030747 -0.00118016503346
250135.162109 17.6138995651 46.448453357 2.08769536678 0.000182740012955
250149.990235 17.6906815468 46.4344698037 2.07667220741 0.00172380865185
250165.71875 17.691691836 46.4043513814 2.07361972591 0.00192833902895
250181.419922 17.748268033 46.4597477653 2.07187709201 0.0026597339312
250196.257812 17.5583336574 46.5414977689 2.10372796101 -0.00144283079313
250211.083985 17.621981879 46.4785717793 2.08960402495 0.000150456345141
250226.388672 17.621981879 46.5226737549 2.09388905203 -0.000121096100865
250242.683593 17.6533008452 46.503311912 2.088065703 0.000591576661573
250257.521484 17.6128892759 46.3914434861 2.08228534165 0.00051450241214
250272.34375 17.678558076 46.575918823 2.09194215629 0.000623071214486
250287.171876 17.7169490668 46.4188727636 2.07185019949 0.00231767518549
250302.007812 17.6240024574 46.4161836187 2.08328942029 0.000572796580929
250316.826172 17.5714674174 46.4672773709 2.09486382775 -0.000737026846836
250331.669922 17.6987638606 46.5162198072 2.08359675794 0.00137368293328
250346.515625 17.5846011774 46.4861013849 2.09503989559 -0.000604114609171
250361.324219 17.648249399 46.4468398701 2.08321524947 0.000843533938728
250376.164062 17.6068275405 46.4161836187 2.08545097835 0.000247386123262
250390.982422 17.5290352696 46.4688908578 2.10035951063 -0.00155070722669
250405.781249 17.552271922 46.3349714442 2.08442983435 -0.000286350084448
250420.607422 17.6573420021 46.4167214477 2.07914526987 0.00120122878936
250435.419922 17.6078378297 46.4861013849 2.0921156579 -0.000163887003606
250450.259766 17.5714674174 46.4516803308 2.0933486714 -0.000641007754035
250465.082032 17.6664346052 46.4549073046 2.08170983058 0.00113848051221
250479.916016 17.5906629128 46.3968217758 2.08560481478 6.03055169296e-05
250494.746093 17.5795497312 46.3882165123 2.08616760445 -9.7268694239e-05
250509.580079 17.6724963406 46.3973596048 2.07535719641 0.00160758024283
250524.78125 17.5724777066 46.357560261 2.0840806102 -4.25864351927e-05
250540.730469 17.6502699775 46.3403497339 2.07261911386 0.00153720737845
250555.564453 17.6371362175 46.3774599329 2.07787565539 0.00105998002787
250570.388672 17.6108686974 46.3451901946 2.07804825576 0.00076084909928
250585.207031 17.5886423343 46.3263661807 2.07901777048 0.000455576665246
250600.035156 17.5815703097 46.3602494058 2.0831975465 0.000113115853262
250614.855469 17.578539442 46.411343158 2.08854074544 -0.000258742689771
250629.6875 17.5512616327 46.3984352627 2.09071950367 -0.00069602267449
250644.515625 17.621981879 46.3763842749 2.07967856496 0.000779456555744
250659.353516 17.6149098544 46.320987891 2.07518988822 0.00098632610647
250674.177735 17.7078564637 46.3333579573 2.06469086794 0.00267158506496
250689.017579 17.552271922 46.338736247 2.08479536042 -0.000309514348524
250703.841797 17.6724963406 46.2612888752 2.06214648593 0.00244477465818
250718.675782 17.4603356019 46.2365487426 2.08644180484 -0.00142205652194
250733.507812 17.5078191958 46.2058924913 2.07749396956 -0.000334336484136
250748.339843 17.5462101866 46.2048168333 2.07255957496 0.000399410458304
250763.18164 17.5734879958 46.1784632138 2.06657025488 0.00107816887982
250778.003906 17.565405682 46.2602132173 2.07552022551 0.000422332287015
250792.839844 17.5643953928 46.2392378875 2.07361164426 0.000532201924214
250807.662109 17.5371175835 46.2919451266 2.08215955312 -0.000308689591537
250822.482422 17.6098584082 46.2580619014 2.06971742345 0.00127771018977
250837.3125 17.5179220881 46.2241786763 2.07799742507 -0.000255447234009
250852.128906 17.5098397742 46.0725109066 2.06430118949 0.000523880168863
250866.96289 17.5856114666 46.1940602539 2.06655796605 0.00121193621953
250881.794922 17.4714487834 46.1413530148 2.07580752528 -0.00062628559066
250896.613282 17.5047883281 46.1537230812 2.0728136769 -7.09725728759e-05
250911.453125 17.5856114666 46.1435043307 2.06165317365 0.00152276468004
250926.285156 17.4926648573 46.1865306484 2.07752169132 -0.000502276587525
250941.113282 17.5583336574 46.0913349206 2.06002548104 0.00132670020473
250955.949219 17.5108500635 46.119839856 2.06876431765 0.000252120362262
250970.779297 17.5613645251 46.0924105785 2.05974843517 0.00137750180347
250985.611329 17.5118603527 46.1526474232 2.07181965245 6.9575843005e-05
251000.853515 17.5138809312 46.0891836047 2.06540969706 0.000497948980106
251016.90039 17.5643953928 46.1096211056 2.06103627257 0.00132913339656
251032.185547 17.5118603527 46.1074697897 2.06743740769 0.000347289206293
251048.419922 17.5260044019 45.9880717583 2.05408060931 0.00134885750688
251063.242188 17.5431793189 45.9891474162 2.05202401874 0.00166755538554
251078.066406 17.5573233681 46.0192658385 2.05316422167 0.001750433247
251092.902343 17.5037780388 46.0219549834 2.06016164341 0.000719738076226
251107.732422 17.5573233681 46.1219911719 2.0631259565 0.00111913421324
251122.5625 17.5987452266 46.0988645262 2.05567046736 0.00204598131153
251137.386719 17.6765374975 46.0058201143 2.0368568226 0.00409178755903
251152.226562 17.5199426665 46.0967132103 2.06537734551 0.00056647690382
251167.044922 17.621981879 46.0972510393 2.05258957892 0.00249615058706
251181.865235 17.539138162 45.9805421527 2.05169830049 0.00164387417544
251196.703125 17.5553027897 46.029484589 2.0544092153 0.00164937230058
251211.529297 17.4734693619 46.0337872207 2.06512144043 7.30725702648e-05
251226.357422 17.5249941127 46.0375520235 2.05900479325 0.00102572015842
251241.1875 17.4775105188 46.0924105785 2.07029789846 -0.000210660803635
251256.029297 17.5967246482 46.0359385366 2.04982262427 0.00239440679364
251270.832032 17.5381278727 46.0354007077 2.05714379728 0.00128769940164
251285.660156 17.4502327095 46.102629329 2.07471997115 -0.000789984879262
251300.496093 17.5694468389 46.0429303132 2.05393317479 0.00183468286361
251315.324219 17.4482121311 46.0585273534 2.07069714767 -0.000557202187278
251330.15625 17.4896339896 45.9724747181 2.05714416663 0.00075586057719
251344.986328 17.5138809312 46.1268316326 2.06906120657 0.000266544062787
251359.83789 17.4290166357 46.1155372243 2.07864021808 -0.00127102092462
251374.660156 17.5300455589 46.0402411684 2.0586300043 0.00110487187597
251389.498046 17.491654568 46.0058201143 2.06012246293 0.000589275724794
251404.322266 17.5320661373 46.0375520235 2.05811504733 0.00115966642296
251419.144532 17.5108500635 46.0827296571 2.06516508108 0.000480212618406
251433.958984 17.4179034541 46.0337872207 2.07210999989 -0.000979015911716
251448.771485 17.482561965 46.1499582784 2.0752444111 -0.00046874318869
251463.601562 17.4674076265 46.0854188019 2.0708906014 -0.000358998450992
251478.427734 17.5310558481 46.1343612382 2.067630823 0.000545548623849
251493.238282 17.5583336574 46.1623283447 2.06691176603 0.000890299804685
251508.078125 17.4633664695 46.2274056501 2.08517329776 -0.00130843659425
251522.902343 17.5209529558 46.2144977548 2.07667669057 -0.000138509922585
251537.742188 17.5098397742 46.1833036745 2.07504801956 -0.000157172234064
251552.566406 17.4482121311 46.3866030254 2.10253380589 -0.00257476759474
251567.402344 17.5684365497 46.2101951231 2.07028478762 0.000787360018138
251582.224609 17.5512616327 46.1763118979 2.06915825283 0.000670365516277
251597.048829 17.5664159712 46.139201699 2.06365127643 0.00118557784329
251612.328125 17.6280436144 46.2607510463 2.06768968205 0.0016057271313
251628.544922 17.4896339896 46.2101951231 2.08019911929 -0.000705187081515
251643.373046 17.4280063464 46.155874397 2.08268009176 -0.00153811314077
251658.207032 17.5148912204 46.2075059782 2.07676084693 -0.000210321108289
251673.027343 17.495695725 46.283877692 2.08658757286 -0.00104356738839
251687.863282 17.5270146912 46.2322461108 2.07763638193 -0.000132848269967
251702.691406 17.5623748143 46.2585997304 2.07574499921 0.000374842766659
251717.52539 17.6058172513 46.2935586135 2.07367145456 0.00098279924447
251732.349609 17.552271922 46.266129336 2.07774701807 0.000137156015133
251747.189453 17.5583336574 46.2994747321 2.08022102882 4.68598929311e-05
251762.013672 17.5835908882 46.266129336 2.07380609748 0.000730439536395
251776.849609 17.4623561803 46.2725832836 2.0896849744 -0.00160542960737
251791.675782 17.5239838235 46.2247165053 2.07728700035 -0.000143947119664
251806.509766 17.5007471711 46.2435405192 2.08203705135 -0.00069979593268
251821.339843 17.565405682 46.101553671 2.0601266898 0.00139785757374
251836.617188 17.591673202 46.0300224179 2.04988470737 0.00233505730829
251853.214844 17.5694468389 46.1160750532 2.06102662941 0.0013851536272
251869.410157 17.425985768 46.1273694616 2.08016907116 -0.00140113506731
251884.214844 17.552271922 46.0719730776 2.0589105043 0.00133087108118
251900.052735 17.6179407221 46.0972510393 2.05309819001 0.00241958203638
251915.886719 17.5270146912 46.1687822923 2.07147842558 0.000257396196689
251930.695312 17.5825805989 46.1639418316 2.06401723205 0.00133970088525
251945.53125 17.5643953928 46.1623283447 2.06614902712 0.00100512587535
251960.365235 17.5623748143 46.1112345925 2.06144701588 0.001280940271
251975.195312 17.5674262605 46.1149993953 2.0611765505 0.00135348898647
251990.03125 17.4482121311 46.1117724215 2.07586089611 -0.000884441313281
252004.871093 17.5532822112 46.0397033394 2.05565425227 0.00154830878532
252019.697266 17.5098397742 46.0461572871 2.06174569064 0.00068582826161
252034.546875 17.565405682 46.0343250497 2.05360730851 0.00181100640599
252049.378906 17.5027677496 45.9622559677 2.05450149437 0.00106735627856
252064.214843 17.4876134111 45.9724747181 2.05739833943 0.000717596285706
252079.044922 17.5502513435 45.9999039956 2.05217696626 0.0017354292723
252093.875 17.5603542358 46.0133497199 2.05220928328 0.00184419438815
252109.410156 17.4593253126 45.9703234022 2.0607480144 0.000195143509528
252125.384766 17.5563130789 46.0278711021 2.05412565735 0.00167842338299
252140.222656 17.5179220881 45.956877678 2.05207373659 0.00138739909567
252155.044922 17.3916359341 46.0219549834 2.07426594047 -0.00140358484428
252172.013672 17.4461915526 46.0090470881 2.06615374865 -0.00029142919624
252186.845703 17.4562944449 45.974088205 2.06149415563 0.00011462769282
252201.660156 17.4209343218 45.9773151788 2.06625409669 -0.000574687289345
252216.496094 17.4573047342 45.9832312975 2.06225336637 7.75916613652e-05
252231.326172 17.495695725 45.9342888612 2.05268052845 0.00110520335827
252246.158203 17.5017574604 45.9305240584 2.0515531158 0.00124312312557
252260.988282 17.5492410543 45.9972148507 2.05204338938 0.0017328132917
252275.824219 17.595714359 46.0488464319 2.05120134288 0.00229595097284
252290.652343 17.4866031219 45.9326753743 2.05366794666 0.000942921915881
252305.488282 17.352234654 45.9278349136 2.07009668477 -0.00157122548079
252320.3125 17.4613458911 45.8869599118 2.05241488318 0.000745388286539
252335.134765 17.5027677496 45.8078990531 2.03954525693 0.00201516892551
252349.958985 17.4189137433 45.8772789903 2.05681347408 1.43690998044e-06
252364.792969 17.4583150234 45.973550376 2.06118788141 0.000156191018428
252379.623047 17.4350783711 45.9127757024 2.05822015627 8.95026912206e-05
252394.460938 17.5007471711 45.9396671509 2.05256631664 0.00116783522602
252409.654297 17.4926648573 45.8568414895 2.04555726881 0.00152338554925
252425.580079 17.5674262605 45.9095487286 2.04125829131 0.00261575685527
252440.40625 17.4502327095 45.8858842539 2.05370842591 0.000541567148917
252455.248047 17.4562944449 45.8740520165 2.05179956978 0.000728996855352
252470.066406 17.4613458911 45.8019829345 2.04418263353 0.00126708569588
252484.90039 17.4492224203 45.8525388577 2.05060475824 0.000727177351421
252499.732422 17.4542738665 45.6772066133 2.03298994473 0.00189885410301
252515.421875 17.421944611 45.7831589205 2.04731490218 0.000636610320009
252531.109375 17.482561965 45.7352921421 2.03505543687 0.00207812852173
252545.939453 17.4936751465 45.8606062923 2.04579492332 0.00151940338898
252560.740234 17.4300269249 45.6734418105 2.03567501129 0.0014628630773
252575.546875 17.5068089065 45.7390569449 2.03236983449 0.00251420900916
252590.363282 17.4027491156 45.7449730636 2.04603084181 0.00050755895973
252605.197266 17.4310372141 45.6675256919 2.03497526923 0.0015182832287
252620.029297 17.395677091 45.7503513533 2.04744093322 0.000340677001748
252634.880859 17.3916359341 45.6992576011 2.04300196841 0.000577688067612
252649.703125 17.425985768 45.6503151648 2.03394464297 0.00152821783944
252664.535156 17.4552841557 45.7616457617 2.04103844309 0.00139987833906
252679.365235 17.395677091 45.7422839187 2.04665973399 0.000390183470812
252694.203125 17.4573047342 45.737443458 2.0384406714 0.00158665926777
252709.044922 17.4593253126 45.737981287 2.03823860716 0.00162161864644
252723.894531 17.3845639094 45.7546539851 2.04925498768 0.000103901575334
252738.740235 17.4552841557 45.7239977338 2.03739290375 0.00163090491256
252753.564453 17.4370989495 45.7315273393 2.04040913196 0.00124038215628
252768.392579 17.5078191958 45.7229220758 2.03068044741 0.00263234871985
252783.228516 17.4775105188 45.7503513533 2.03714906291 0.00189006042857
252798.052735 17.3926462233 45.6954927983 2.04251045095 0.000619910837324
252812.876953 17.4370989495 45.6949549693 2.03686821984 0.00146477825233
252827.701172 17.3673889925 45.6546177966 2.04172942651 0.00039256633342
252842.539062 17.3582963894 45.7261490496 2.04979753163 -0.000218384406178
252857.363282 17.3492037863 45.629339835 2.0415691828 0.000203413835466
252872.197266 17.5068089065 45.6309533219 2.02190463744 0.00317741365213
252887.027343 17.4451812634 45.5847000304 2.02518041867 0.00229407253449
252903.669922 17.3663787033 45.6944171404 2.04570912915 0.000129290011982
252918.501953 17.4189137433 45.774553657 2.04686265749 0.000632044029272
252933.332032 17.369409571 45.8089747111 2.05642134917 -0.000516349882148
252948.162109 17.4552841557 45.865446753 2.05109289967 0.000762703305065
252963.962891 17.5300455589 45.88265728 2.04335586691 0.00207283060468
252980.505859 17.4845825434 45.9143891893 2.0521499921 0.00101696185332
252996.095703 17.465387048 45.9767773499 2.06061117144 0.000270278891888
253011.283203 17.3835536202 45.9880717583 2.07199738224 -0.00134841230028
253027.126953 17.4855928327 46.0553003796 2.06568244192 0.000170456264268
253042.365235 17.421944611 46.1316720934 2.0810946418 -0.00150409281705
253058.447266 17.4987265927 46.1515717653 2.07336753564 -0.000172545653959
253073.269532 17.4845825434 46.1246803167 2.07253819328 -0.000275087366658
253088.103516 17.395677091 46.1994385436 2.09097225423 -0.00241800724183
253102.933593 17.4562944449 46.228481308 2.08616718576 -0.00144896141743
253117.753906 17.548230765 46.1359747251 2.06562642835 0.000860942504017
253132.591797 17.5381278727 46.3150717723 2.08427748035 -0.000431827187516
253147.423829 17.491654568 46.2596753883 2.08474680446 -0.000971227871759
253162.617187 17.5613645251 46.2413892033 2.07420179757 0.000461557554658
253178.544922 17.5179220881 46.4038135524 2.09543645203 -0.00136060020856
253193.382812 17.5613645251 46.2790372313 2.07785580116 0.000229994581524
253208.207032 17.5926834913 46.2171868997 2.06791205816 0.0012037037785
253223.046875 17.5330764266 46.2204138735 2.07572551144 5.47293755977e-05
253237.871093 17.508829485 46.1693201213 2.0738184259 -9.03292216987e-05
253254.103516 17.6260230359 46.229556966 2.06491659637 0.00175929527742
253269.412109 17.4765002296 46.1311342644 2.07418088075 -0.000467812570928
253285.683593 17.3906256448 46.1176885401 2.08367665503 -0.00201103848691
253300.501953 17.5381278727 46.1397395279 2.0672627678 0.000646435964654
253315.333985 17.4845825434 46.1467313045 2.07467720025 -0.000410641369684
253330.160156 17.4633664695 46.1456556466 2.07724151258 -0.000805780338487
253344.99414 17.5825805989 46.0375520235 2.05175899183 0.00211653497552
253359.8125 17.4078005618 46.010660575 2.07113827374 -0.00102818569892
253374.646485 17.4765002296 45.9912987321 2.06062097606 0.00039151111917
253389.474609 17.5310558481 46.0278711021 2.05730351278 0.00120001504771
253404.308594 17.4552841557 45.9713990602 2.06136056145 0.00011201694591
253419.138672 17.4623561803 45.9138513603 2.05489360542 0.000599382908783
253433.96289 17.4401298172 45.9633316256 2.06248457439 -0.000125363066277
253448.800782 17.5320661373 45.9229944528 2.0470103863 0.00186339543193
253463.628906 17.4906442788 45.9875339293 2.05847684532 0.000682483973953
253478.863281 17.4734693619 45.9181539921 2.05391272643 0.000783395665801
253494.886719 17.3926462233 45.9418184668 2.06637079744 -0.000892176560636
253509.71289 17.4239651895 45.8498497128 2.05352073933 0.000265482502518
253524.537109 17.3633478356 45.8116638559 2.05744397167 -0.000647593898125
253539.376953 17.3875947771 45.8530766867 2.05840697074 -0.000442859959119
253554.201172 17.4017388264 45.792302013 2.0507413781 0.000197966400433
253569.042969 17.3360700263 45.7826210915 2.05806045377 -0.000985612940248
253583.863282 17.4855928327 45.774015828 2.03842408081 0.00189788400025
253598.708985 17.3118230847 45.6976441142 2.05288012836 -0.000923030404667
253614.02539 17.3461729186 45.6954927983 2.04835365686 -0.000259751083189
253630.341797 17.3279877125 45.7465865505 2.05558687036 -0.000917427906457
253645.183593 17.4047696941 45.7207707599 2.0434332981 0.000694320816766
253660.015625 17.4047696941 45.6691391788 2.0384347725 0.00101108937569
253674.853516 17.3017201924 45.7250733917 2.05680573622 -0.00128250933815
253689.677735 17.4866031219 45.8046720793 2.04126612471 0.00172885512437
253704.544922 17.3855741987 45.7756293149 2.05115924275 -5.7018185024e-06
253719.371093 17.3683992817 45.7756293149 2.05331875341 -0.000330804052269
253734.191406 17.3593066786 45.6874253638 2.04592141801 3.83268753732e-05
253749.037109 17.3603169679 45.7326029973 2.05016840137 -0.000219741942114
253763.861329 17.4108314295 45.7245355627 2.04303554557 0.000785976257681
253778.681641 17.3411214725 45.6610717442 2.04565662122 -0.000144193445013
253793.527344 17.4037594049 45.6567691124 2.0373644244 0.00106784523989
253808.353516 17.2906070109 45.7578809589 2.06137942615 -0.00169412403116
253823.18164 17.382543331 45.6158941107 2.03607609855 0.000916931892737
253838.019532 17.3764815956 45.6137427948 2.03663008921 0.000815382733773
253852.84375 17.4340680818 45.8428579362 2.05157283362 0.000499683478194
253867.679688 17.352234654 45.6433233882 2.04254154464 0.000175009853928
253882.503906 17.4229549003 45.7234599048 2.04140679392 0.0010220967769
253899.126953 17.4815516757 45.5588842398 2.01810788174 0.00314105766063
253913.953126 17.465387048 45.5755569379 2.02175432655 0.00273273036977
253928.783203 17.4118417187 45.5986835836 2.03072641007 0.001577110678
253943.609375 17.3461729186 45.5653381875 2.03575684569 0.000538539060115
253958.462891 17.3886050664 45.6540799676 2.03900972648 0.000797463895156
253973.33789 17.4037594049 45.6508529938 2.03679178214 0.00110413495373
253988.175782 17.3502140756 45.7175437861 2.04998049229 -0.00031855876306
254002.998047 17.3411214725 45.7750914859 2.05669617492 -0.000843796446859
254017.835938 17.3966873802 45.6885010217 2.04132542039 0.000739306027805
254032.666015 17.4451812634 45.8380174755 2.04970623826 0.000739812509219
254047.482422 17.2845452755 45.7691753673 2.06323509896 -0.00187813965247
254062.326172 17.3401111832 45.7105520095 2.05057369057 -0.000466871788563
254077.302735 17.3663787033 45.6841983899 2.04471986263 0.000191982204276
254092.142579 17.4047696941 45.7901506971 2.05015188653 0.000268547750207
254106.972656 17.4118417187 45.755729643 2.04592905157 0.000613682815156
254121.794922 17.4583150234 45.7600322748 2.0405009821 0.00146716945522
254136.632812 17.3906256448 45.7982181317 2.05271182009 -4.87226119799e-05
254151.457032 17.3785021741 45.7363678001 2.04824646983 0.000101371796104
254166.291016 17.4199240326 45.7686375383 2.04616266176 0.00068747976745
254181.123047 17.4704384942 45.6782822713 2.0310609025 0.00219833764426
254195.949219 17.3936565125 45.6874253638 2.04160240535 0.000688530038869
254210.777344 17.2704012262 45.6761309554 2.05600394001 -0.00157485097426
254226.015625 17.3724404387 45.6874253638 2.04427010041 0.000286923490705
254242.082032 17.3209156878 45.6309533219 2.04528159018 -0.000341855642357
254257.361328 17.3704198602 45.7702510252 2.05254383941 -0.00025954963481
254273.529297 17.4168931649 45.646012533 2.03467165867 0.0013824663449
254288.847657 17.4148725864 45.7250733917 2.04257942794 0.000859181687926
254305.124999 17.4340680818 45.5685651613 2.02501688451 0.00218259768094
254319.953125 17.3279877125 45.5771704248 2.03918788548 0.000121815106422
254334.791016 17.308792217 45.6078266761 2.0445674086 -0.000429445001527
254349.61914 17.4562944449 45.5771704248 2.02305409892 0.00255066630367
254364.457032 17.3300082909 45.6675256919 2.04767845172 -0.000394109741044
254379.292969 17.3603169679 45.6443990461 2.04162950008 0.000321388717955
254394.128906 17.4734693619 45.6320289798 2.02620262029 0.00253945156829
254408.960938 17.339100894 45.6298776639 2.04289137026 8.90346120139e-06
254423.794922 17.3997182479 45.5841622014 2.0308457608 0.00143665038455
254438.63086 17.3572861002 45.4448644981 2.02270633202 0.00148737728639
254453.453125 17.2916173001 45.4889664737 2.03522678195 -2.56985420294e-05
254468.285156 17.3239465555 45.4394862084 2.02637762644 0.000889347079683
254483.126953 17.369409571 45.4938069344 2.02591545955 0.00141688152674
254497.949219 17.365368414 45.6148184527 2.03813148435 0.000598430567767
254512.785156 17.4573047342 45.6072888472 2.02584149507 0.00238509929764
254528.048828 17.3724404387 45.6266506901 2.03838741764 0.00065972320995
254544.152343 17.4108314295 45.6546177966 2.03626687174 0.00121492335628
254561.246093 17.3815330418 45.537371081 2.02860523083 0.00137930501822
254576.392578 17.3269774232 45.5110174614 2.03291485142 0.000508281038922
254592.746093 17.2885864324 45.5949187808 2.04585811122 -0.000732640307579
254609.136719 17.3966873802 45.4367970635 2.01697202828 0.00228263890943
254624.667968 17.3764815956 45.4201243654 2.01790054184 0.00200231908274
254640.201172 17.3966873802 45.5438250286 2.02732407277 0.00162660501597
254655.029296 17.4229549003 45.5642625295 2.02599819674 0.00199857654518
254670.537109 17.352234654 45.5524302922 2.03374587883 0.000732412296834
254686.044922 17.3976976695 45.4981095662 2.02277469877 0.00192598411172
254700.873047 17.352234654 45.6175075976 2.04004300365 0.000333348390449
254715.708985 17.3593066786 45.6029862154 2.03774856584 0.000556260123488
254730.535156 17.3673889925 45.4583102223 2.02273638845 0.00159620071922
254745.36914 17.2916173001 45.4964960792 2.03595507436 -7.18521789276e-05
254760.201172 17.3188951094 45.4631506831 2.02930113161 0.00064872245007
254775.033203 17.4007285372 45.5771704248 2.03004218146 0.00149864961978
254789.863282 17.4027491156 45.6368694405 2.03556536763 0.00117078116509
254806.958984 17.4431606849 45.537371081 2.02085530978 0.0025460122231
254821.78125 17.4421503957 45.5438250286 2.02160675726 0.00248731484154
254836.615235 17.4078005618 45.5933052939 2.0307141473 0.00153358817047
254851.527344 17.3704198602 45.481974697 2.02464399836 0.00150853022402
254866.341797 17.4007285372 45.6115914789 2.03337303235 0.00128756560827
254881.18164 17.3724404387 45.6481638489 2.04046960028 0.000527770301101
254896.021485 17.3239465555 45.6530043097 2.0470348635 -0.000419751589778
254910.855469 17.3886050664 45.6314911508 2.03682338209 0.000936017784169
254926.330078 17.395677091 45.5798595697 2.03093758944 0.00138653348824
254942.248047 17.4381092387 45.6153562817 2.02903647143 0.001972171067
254958.380859 17.365368414 45.6024483864 2.03693438348 0.000674293721903
254973.22461 17.4734693619 45.5707164772 2.02026935652 0.00291545672773
254988.044922 17.3603169679 45.7487378664 2.05173076032 -0.000318752376926
255002.873046 17.4401298172 45.7342164842 2.04028833259 0.00128126602488
255017.699219 17.452253288 45.8390931334 2.04892097746 0.000867112702219
255032.527343 17.4663973372 45.7976803027 2.0431305246 0.00138914679273
255047.363282 17.3714301494 45.7627214196 2.05168762731 -0.000194216223991
255062.191406 17.4472018418 45.7648727355 2.04236748667 0.00122703981892
255077.025391 17.4401298172 45.756805301 2.04247568253 0.00114264841208
255091.849609 17.3744610171 45.6567691124 2.04104847296 0.00051323236476
255106.683594 17.4330577926 45.7428217477 2.04201100355 0.00109456363626
255121.515625 17.452253288 45.7637970776 2.04162798458 0.00132928715696
255136.343749 17.3289980017 45.7476622085 2.05556402507 -0.000904908815459
255151.164062 17.4290166357 45.646012533 2.03314701979 0.00161199218921
255165.99414 17.4340680818 45.7465865505 2.04224850196 0.00109058874417
255180.824219 17.3886050664 45.7611079327 2.04937183989 0.000140791909491
255195.644532 17.369409571 45.6841983899 2.04433878628 0.000249351114435
255212.150391 17.3047510601 45.6002970705 2.04434673187 -0.000459741685903
255226.964843 17.2501954416 45.5933052939 2.05052705684 -0.00144913438277
255241.779297 17.4472018418 45.6933414824 2.03544138716 0.00166596336039
255256.611329 17.3805227525 45.6148184527 2.03622606436 0.0008852808748
255271.441406 17.3865844879 45.7406704318 2.04764683213 0.000227961931423
255286.277343 17.4037594049 45.6906523376 2.04064439491 0.000859985639603
255301.105469 17.3663787033 45.6739796395 2.04373064136 0.000254671529176
255315.923829 17.4269960572 45.6573069414 2.03449434698 0.00150445741824
255330.748047 17.3734507279 45.6078266761 2.03643864426 0.00079429493919
255345.585938 17.2815144078 45.6734418105 2.0543468538 -0.00134807822646
255360.410156 17.3966873802 45.6696770077 2.03950317069 0.000854786363196
255375.24414 17.365368414 45.737981287 2.05005406064 -0.000157131694072
255390.074219 17.3300082909 45.6987197721 2.05069823433 -0.00058548060925
255404.908203 17.3966873802 45.7153924702 2.04392890061 0.000574317240341
255419.736328 17.4209343218 45.6777444423 2.03723500963 0.00126432187428
255434.570312 17.4280063464 45.6782822713 2.03639769562 0.00139491333405
255449.396485 17.3300082909 45.719157273 2.05267694122 -0.000710876012208
255464.230469 17.3835536202 45.700871088 2.04417445904 0.000414793089857
255479.060547 17.2512057308 45.647088191 2.05560514623 -0.00175987717997
255493.896485 17.3279877125 45.7482000374 2.05574311096 -0.000927329247953
255508.724609 17.3380906048 45.7573431299 2.05535841702 -0.000792234974425
255523.613282 17.452253288 45.8030585924 2.0454304526 0.00108831563618
255538.455078 17.491654568 45.6723661526 2.02781947106 0.00263639381427
255553.269532 17.3865844879 45.7315273393 2.04676151351 0.000284066696158
255568.125 17.3047510601 45.6718283236 2.05126994754 -0.000898482471335
255582.949219 17.4300269249 45.774553657 2.04546506343 0.00084244398678
255597.789062 17.4613458911 45.6761309554 2.03199632143 0.0020393615288
255612.609375 17.4552841557 45.8057477373 2.04530971369 0.00112919767452
255627.445312 17.3865844879 45.7492756954 2.04848010628 0.000175155348979
255642.271485 17.3077819278 45.7482000374 2.05828311537 -0.00130971268459
255657.111329 17.3481934971 45.7594944458 2.05429661849 -0.000614226515466
255671.935547 17.3815330418 45.6809714161 2.04250204444 0.000498630601245
255686.769531 17.395677091 45.7691753673 2.04926384115 0.000225154952868
255701.597656 17.3926462233 45.774015828 2.05011372986 0.000138072812263
255716.417969 17.4451812634 45.756267472 2.04178828426 0.00124159224952
255731.25 17.3451626294 45.7105520095 2.04993862704 -0.000371266530732
255746.078125 17.425985768 45.8191934615 2.05029690097 0.000491936020822
255760.886719 17.4441709741 45.720232931 2.03842611795 0.00144358435372
255775.722656 17.325967134 45.6976441142 2.05110211814 -0.000655360925055
255790.554688 17.3542552325 45.6976441142 2.04754579802 -0.000119976851827
255805.386719 17.2360513923 45.5852378594 2.05152388181 -0.00166725164926
255820.207032 17.3360700263 45.5707164772 2.03754734921 0.000314351707114
255835.046875 17.3209156878 45.6551556255 2.04762410484 -0.000490306416396
255849.871093 17.3916359341 45.6175075976 2.03508893155 0.00107915619678
255864.710938 17.3663787033 45.5895404911 2.03555828095 0.00077257361408
255879.535156 17.3512243648 45.7422839187 2.0522489772 -0.000451245786924
255894.375 17.312833374 45.627726348 2.04598527175 -0.000475016181437
255909.203126 17.4300269249 45.6411720723 2.03255145917 0.00166081006823
255924.037109 17.365368414 45.6987197721 2.04625270038 8.37696249777e-05
255938.871093 17.3148539524 45.7116276674 2.05385296059 -0.00095146912702
255953.701172 17.2582777554 45.5986835836 2.05003176105 -0.00132920177847
255968.539062 17.2623189124 45.6804335871 2.05743624661 -0.00175416846474
255983.363282 17.2966687463 45.6422477302 2.04942262734 -0.000869974223231
255999.761719 17.3269774232 45.7137789833 2.05253722804 -0.000735236041828
256014.601562 17.3704198602 45.7680997093 2.05233549829 -0.000246346558542
256029.425782 17.2663600693 45.6476260199 2.05375264687 -0.00147645587527
256044.261719 17.3492037863 45.6223480583 2.04089250845 0.00024629631181
256059.082032 17.2653497801 45.7449730636 2.06330398116 -0.00209281541881
256073.919922 17.3118230847 45.7417460898 2.05715017518 -0.00119363351533
256088.751953 17.295658457 45.664298718 2.05168400535 -0.00102435308098
256103.580079 17.3704198602 45.6454747041 2.04046337096 0.000506018632095
256118.404297 17.2885864324 45.5513546342 2.04164290372 -0.00046551249573
256133.246093 17.3623375463 45.6024483864 2.03731545371 0.000616925732695
256148.066406 17.3926462233 45.5976079257 2.03303613216 0.00122032114784
256162.90625 17.3633478356 45.5847000304 2.03547096702 0.000744888119441
256177.730469 17.3906256448 45.6841983899 2.04167112335 0.000650952827003
256192.564453 17.3774918848 45.6390207564 2.03894950307 0.000679469376054
256207.390625 17.2602983339 45.6196589135 2.0518076913 -0.00141961016375
256222.228516 17.3532449433 45.6325668088 2.04137343301 0.000260108286022
256237.058594 17.356275811 45.6347181247 2.0412005913 0.000304279134626
256254.69336 17.3380906048 45.5233875278 2.03271437904 0.000642772035015
256269.511719 17.3340494478 45.4486293009 2.02599173078 0.00102451573179
256284.353516 17.2340308139 45.5814730566 2.05141350486 -0.00168239124063
256299.171875 17.3269774232 45.5798595697 2.0395750948 8.62054379527e-05
256314.005859 17.3431420509 45.4690668018 2.02682512894 0.00107134725616
256328.833985 17.3502140756 45.5212362119 2.03098210631 0.000885414533107
256343.667969 17.4118417187 45.5814730566 2.02906101669 0.00168265065189
256358.5 17.3785021741 45.573405622 2.03247270183 0.00110099331545
256373.318359 17.2704012262 45.6492395069 2.05340091726 -0.00140989117797
256388.152344 17.2986893247 45.6304154929 2.04802345234 -0.000759165197523
256402.982422 17.3340494478 45.5879270042 2.03946668021 0.000170575859983
256417.824219 17.2865658539 45.6228858873 2.04881857328 -0.000942390951638
256432.654296 17.2067530046 45.6121293079 2.05780775478 -0.00238640780574
256447.484375 17.25221602 45.6535421386 2.05610287026 -0.00178035119113
256462.320312 17.2895967216 45.6083645051 2.04703228142 -0.000795980692461
256477.15039 17.3896153556 45.6347181247 2.03700866731 0.000935349810829
256491.972656 17.3673889925 45.6686013498 2.04308299182 0.000306787652374
256506.808593 17.3764815956 45.7057115488 2.04553230928 0.000251227691951
256521.636719 17.3532449433 45.7213085889 2.04996395616 -0.00028429377419
256536.472656 17.2643394908 45.6379450985 2.05306958959 -0.00145530600393
256551.304688 17.2592880447 45.646550362 2.05453734041 -0.00160366288573
256566.142579 17.2077632938 45.6363316116 2.06002312768 -0.0025157353003
256580.957032 17.3603169679 45.683122732 2.04537787089 8.3845467421e-05
256595.80664 17.4158828756 45.5986835836 2.03021821547 0.00165361652875
256610.654297 17.4239651895 45.6610717442 2.03523992801 0.00142398137118
256625.488282 17.2764629616 45.6196589135 2.04977608721 -0.00111376354857
256640.763672 17.3168745309 45.5836243725 2.0412094086 -0.000128075357235
256656.917969 17.295658457 45.5642625295 2.04200285786 -0.000410835539373
256671.738282 17.3754713064 45.5626490426 2.03181302376 0.00110957830963
256686.570312 17.3734507279 45.5863135173 2.03435683741 0.000926224033554
256701.394532 17.3714301494 45.6078266761 2.03669269975 0.000756048308348
256718.589844 17.2451439954 45.4991852241 2.04205604649 -0.000967645018162
256734.953125 17.3502140756 45.5814730566 2.03680997349 0.00051608860915
256749.785156 17.3421317617 45.5357575941 2.03340301086 0.000643419147201
256765.546876 17.4027491156 45.6040618733 2.03239027982 0.00137199409651
256781.302735 17.3279877125 45.5492033184 2.0364819468 0.000293296932402
256796.132812 17.3249568448 45.6427855592 2.0459187768 -0.000337951345861
256810.964843 17.3663787033 45.6212724004 2.03862906059 0.000577970941308
256825.785156 17.3704198602 45.5820108855 2.03432158255 0.000895238497504
256840.617188 17.2784835401 45.5497411473 2.04275662966 -0.000646785510935
256855.417969 17.2158456077 45.5825487145 2.05380274858 -0.00203300534787
256870.251953 17.308792217 45.4948825923 2.03364015748 0.000263041116434
256885.078125 17.3451626294 45.555657266 2.03494720011 0.000578776157811
256899.916016 17.3815330418 45.6696770077 2.04140871304 0.000567917634917
256914.74414 17.282524697 45.5330684492 2.04063570561 -0.000468100586588
256929.56836 17.3704198602 45.5873891753 2.03484200546 0.000862258049283
256944.386719 17.2370616816 45.5680273323 2.0497316294 -0.00154260502586
256959.207032 17.2895967216 45.4448644981 2.03121553463 0.000206364495903
256974.046875 17.2451439954 45.5158579222 2.04366880063 -0.00106984911724
256988.871093 17.2623189124 45.5163957512 2.04156237318 -0.000748203024043
257003.695312 17.3118230847 45.5631868716 2.03986689366 -9.83505029925e-05
257018.527344 17.3269774232 45.482512526 2.03015769471 0.000683008673648
257033.353516 17.2865658539 45.50133654 2.03705820378 -0.000197108123013
257048.203125 17.295658457 45.5266145016 2.03836053728 -0.000180012946371
257063.029297 17.3502140756 45.5680273323 2.03550897413 0.000598536059554
257077.861329 17.3118230847 45.5497411473 2.03856600072 -1.59097969092e-05
257092.691406 17.2926275893 45.5766325958 2.04358071897 -0.000544037841151
257107.52539 17.3613272571 45.609977992 2.03817113831 0.0005516261511
257122.355469 17.3855741987 45.5276901595 2.02716055477 0.0015151526111
257137.179687 17.3572861002 45.5362954231 2.0315497977 0.000926945651051
257152.0 17.2714115155 45.447015814 2.03370923927 -0.000150913505868
257166.833985 17.2370616816 45.5180092381 2.04489259872 -0.00123594404312
257183.607422 17.3209156878 45.5545816081 2.03789131806 0.000126483630878
257198.443359 17.4340680818 45.6056753603 2.02860784147 0.0019550301236
257213.28125 17.3461729186 45.5153200932 2.03091787322 0.000845196354099
257228.091797 17.3795124633 45.5771704248 2.03270995147 0.0010970317881
257242.927735 17.3704198602 45.5599598978 2.03218797954 0.00103045003889
257257.761718 17.3007099032 45.5400602259 2.03902634422 -0.000166856744634
257272.595703 17.3421317617 45.4233513393 2.02253128609 0.00133238642705
257287.427735 17.3673889925 45.4566967354 2.02258035038 0.00160608922641
257302.25 17.3764815956 45.5153200932 2.02710720911 0.00141887049106
257317.083985 17.2734320939 45.4308809448 2.03189503338 -1.38051972044e-05
257331.910156 17.295658457 45.4556210775 2.03149382981 0.000255146779435
257346.734375 17.2229176323 45.3991490356 2.03517512088 -0.000775062157142
257361.574219 17.3239465555 45.4739072625 2.02970642671 0.000678393020359
257376.40039 17.3593066786 45.3937707459 2.0175119286 0.00183870437316
257391.238282 17.3067716386 45.3410635068 2.01902114619 0.00116734209518
257406.066406 17.3714301494 45.3953842328 2.01614363267 0.0020582919858
257420.902343 17.2360513923 45.3222394928 2.02609010072 -5.54519259388e-05
257435.732422 17.3168745309 45.46476417 2.02971117463 0.00060059531387
257450.541016 17.2815144078 45.446477985 2.03238743577 4.35427742317e-05
257465.367188 17.2077632938 45.3873167982 2.03593539818 -0.000989238095213
257480.208984 17.1774546169 45.4884286447 2.04952103803 -0.00218215341119
257495.029297 17.2895967216 45.4712181176 2.03376416266 4.48518233295e-05
257509.849609 17.4330577926 45.573405622 2.02561229498 0.00213378913878
257524.6875 17.112796106 45.5685651613 2.06539583108 -0.00389622655221
257539.513672 17.2754526724 45.5029500269 2.03861107086 -0.000417278697196
257554.341796 17.1835163523 45.5314549623 2.05292144355 -0.00233125631635
257569.171875 17.3461729186 45.4701424597 2.02654811878 0.0011221181764
257584.007812 17.2067530046 45.4265783131 2.03985841101 -0.0012489148307
257598.83789 17.2087735831 45.4238891682 2.03934449567 -0.00119421473639
257613.660156 17.2077632938 45.4341079187 2.04045955583 -0.00127594481894
257628.494141 17.2532263093 45.4599237093 2.03724302094 -0.000574089296703
257643.617187 17.2865658539 45.4954204213 2.03648595958 -0.000160843635306
257659.916016 17.2724218047 45.446477985 2.03353025204 -0.000128501813488
257676.419922 17.3461729186 45.4179730496 2.02150319095 0.00144182735534
257691.246094 17.23908226 45.4959582503 2.04250568649 -0.00106254497868
257706.072266 17.269390937 45.4717559466 2.03635579578 -0.000340769692675
257720.90039 17.2289793677 45.5449006866 2.04850975298 -0.00155370884964
257735.728516 17.3098025063 45.5094039745 2.03491778464 0.000193145303954
257750.59375 17.3067716386 45.4405618663 2.02864062578 0.000557732596098
257765.419922 17.2451439954 45.4265783131 2.03503416416 -0.000522651489596
257780.255859 17.2158456077 45.3964598907 2.03580378071 -0.000892367574141
257795.082032 17.3279877125 45.3937707459 2.02144933832 0.00124594939517
257809.916016 17.2279690785 45.3889302852 2.03355239205 -0.00061689193778
257824.748047 17.3451626294 45.3416013358 2.01424696857 0.00189059949068
257839.589843 17.2501954416 45.3926950879 2.03112324169 -0.000219468067093
257854.425782 17.1542179645 45.337298704 2.03782762997 -0.00169559026802
257869.261719 17.2764629616 45.3346095591 2.02220693685 0.000633359648047
257884.089843 17.2784835401 45.2652296219 2.01524806431 0.00109649826828
257898.929688 17.1350224691 45.2157493567 2.02849361091 -0.00131427283712
257913.748047 17.25221602 45.1861687633 2.01091143213 0.00108353865683
257928.583985 17.1410842045 45.101191786 2.01666824342 -0.000498493160577
257943.412109 17.2805041185 45.1512098802 2.00397968893 0.00183274059972
257958.246094 17.2219073431 45.2039171193 2.01643462296 0.000401501487405
257973.076172 17.2764629616 45.1350750111 2.00292941983 0.00185502214843
257987.910156 17.060261066 45.1668069204 2.03315588638 -0.00242826030371
258002.722656 17.1845266415 45.2318842258 2.02383325746 -0.000476803201208
258017.552734 17.1370430476 45.228657252 2.0294867864 -0.00135508700483
258032.36914 17.269390937 45.1442181036 2.00470122349 0.00166525649241
258047.199219 17.1804854846 45.2598513322 2.02704308829 -0.000724477536444
258062.015625 17.1612899892 45.1781013287 2.02155717841 -0.000587045932769
258076.851562 17.1511870968 45.3071802816 2.0352974307 -0.00156843628488
258091.677735 17.1855369307 45.2340355417 2.0239141663 -0.000470865564033
258106.519532 17.1683620138 45.3507444283 2.03735038984 -0.00151045066795
258121.355469 17.21281474 45.3781737057 2.03441674803 -0.000837666921089
258136.189453 17.2815144078 45.2555487005 2.01393171697 0.00121312595029
258151.019532 17.2219073431 45.3582740338 2.03135050056 -0.000543753458879
258165.853516 17.1764443276 45.3157855452 2.03295602689 -0.00114345358581
258180.685547 17.2946481678 45.2813644911 2.0147754101 0.00130356328002
258195.507812 17.1875575092 45.3491309413 2.03478276284 -0.00113750441766
258210.33789 17.2946481678 45.3297690984 2.0194533743 0.00100710946614
258225.175781 17.1582591215 45.3878546272 2.0422070737 -0.00192887108276
258240.023438 17.1895780877 45.3356852171 2.03322924434 -0.00101692386358
258254.857422 17.2411028385 45.3351473881 2.02670288561 -3.89486889589e-05
258269.675782 17.1602796999 45.3109450844 2.03451901169 -0.00141953236337
258284.511719 17.2906070109 45.2060684352 2.00800853733 0.00168811722987
258299.341797 17.2118044508 45.1958496848 2.01692482309 0.000259772102294
258314.160156 17.0936006106 45.2146736987 2.03359250053 -0.00209094039678
258329.0 17.1400739153 45.1942361978 2.02578090303 -0.00108704733403
258343.833985 17.19968098 45.1867065923 2.01756498282 8.64124306507e-05
258358.660156 17.1471459399 45.2039171193 2.02582766425 -0.00101256826573
258373.49414 17.3118230847 45.1469072484 1.99962749327 0.00245171683398
258388.326172 17.2532263093 45.1582016568 2.00808325094 0.00127383528227
258403.158203 17.2057427154 45.1786391577 2.01602409711 0.00025045686272
258417.988282 17.2097838723 45.1856309343 2.01619165178 0.000284102614429
258432.841797 17.2118044508 45.2173628436 2.01900299933 0.000128073088591
258447.691406 17.1814957738 45.2442542921 2.02540917342 -0.000609867584074
258462.507812 17.3027304817 45.2657674509 2.01225235728 0.0015520153437
258477.34375 17.2643394908 45.2437164631 2.01494711865 0.000960606435156
258492.177735 17.1441150722 45.2706079117 2.03265163304 -0.00147820942158
258507.003906 17.1400739153 45.1452937615 2.02105382991 -0.000787481369978
258521.828125 17.2916173001 45.1603529727 2.00346588751 0.00198706553306
258536.667969 17.1582591215 45.2130602118 2.02531481006 -0.000858367811567
258551.49414 17.1491665184 45.2539352136 2.03040607642 -0.00128058641753
258566.332032 17.2875761432 45.1388398139 2.00189618411 0.00204226292486
258581.160156 17.2269587892 45.137226327 2.00935854778 0.000905263125405
258595.992188 17.1471459399 45.1280832345 2.0185034213 -0.000548413419088
258610.816406 17.21281474 45.1856309343 2.01581081233 0.000341435859332
258625.654297 17.182506063 45.1512098802 2.01629448559 -2.11830586052e-05
258640.835938 17.2451439954 45.1625042886 2.00951452496 0.00109458926778
258656.738282 17.129971023 45.1404533008 2.02185545382 -0.000948910486326
258671.574219 17.1612899892 45.1576638279 2.01958325238 -0.000461953505235
258686.378906 17.3057613493 45.1490585643 2.00059723029 0.00232383949169
258701.199219 17.1542179645 45.0172904666 2.00691879972 0.000263176454874
258716.033203 17.2178661862 45.0726868505 2.00426941702 0.00112817354904
258730.859375 17.2330205246 45.0667707318 2.00179396358 0.00145105097225
258747.27539 17.1663414353 45.1296967214 2.01624776959 -0.000195255494195
258762.099609 17.1420944938 45.1377641559 2.02007285737 -0.000703188597646
258776.929687 17.2370616816 45.0140634927 1.99619837447 0.00184992576472
258791.738282 17.2027118477 45.009760861 2.00009942785 0.00122644375297
258806.572266 17.2602983339 45.0931243514 2.00091025391 0.00180588254626
258821.394532 17.1481562291 45.1834796184 2.02372659623 -0.000868355161585
258836.232422 17.1218887091 45.1565881699 2.02442890951 -0.00120049598186
258851.05664 17.0451067275 45.2399516603 2.04212458269 -0.00316251632346
258865.890625 17.1754340384 45.2415651472 2.02591093887 -0.00070805408229
258880.716797 17.3077819278 45.2808266621 2.01307254483 0.00155538963023
258895.527343 17.2168558969 45.2367246865 2.02023878864 0.000105089713645
258910.363282 17.2138250292 45.3534335731 2.03189819733 -0.000666994053823
258925.195312 17.243123417 45.3179368611 2.02478552952 0.000104693830951
258940.027343 17.2289793677 45.2243546202 2.01752028152 0.000410168300376
258954.847656 17.1188578414 45.2620026481 2.03499279758 -0.0019031414678
258969.691406 17.2289793677 45.2711457406 2.02204114563 0.000123670296255
258984.511719 17.2168558969 45.337836533 2.03000973784 -0.000514118776997
258999.34961 17.2754526724 45.4577723934 2.03424155813 -0.000140372193499
259014.171875 17.2602983339 45.4884286447 2.03911111336 -0.000614997560778
259029.013672 17.2279690785 45.5325306203 2.04743998163 -0.00149698180617
259043.830079 17.3340494478 45.4679911438 2.02786419444 0.000905853217487
259058.664062 17.256257177 45.5777082538 2.04825601927 -0.0012388051584
259073.472656 17.2744423832 45.5572707529 2.04399303739 -0.000769415803252
259088.316406 17.2097838723 45.5841622014 2.05472055798 -0.0021575666025
259103.138672 17.2815144078 45.519084896 2.03940994298 -0.000401490354261
259117.980469 17.3067716386 45.6357937826 2.04752804736 -0.00063920862042
259132.814453 17.2966687463 45.6417099013 2.04937057171 -0.000866675333025
259147.640625 17.2704012262 45.5777082538 2.04647840135 -0.000971194738095
259162.478516 17.2118044508 45.6675256919 2.06253470585 -0.00263063558588
259177.30664 17.2370616816 45.5513546342 2.04811849887 -0.00144037707458
259192.16211 17.18654722 45.5212362119 2.05155209838 -0.00221128255352
259206.972656 17.1491665184 45.4921934475 2.0534390047 -0.00274023833873
259221.785156 17.308792217 45.4523941037 2.02953085834 0.000523457260941
259236.607422 17.2512057308 45.4292674579 2.03453240282 -0.000424446876299
259251.441406 17.2926275893 45.4685289728 2.03312312467 0.000118684997405
259266.265625 17.1804854846 45.3975355487 2.04035067313 -0.00156781111276
259281.078126 17.2512057308 45.3830141665 2.03006033837 -0.00014104142415
259295.910156 17.23908226 45.3496687703 2.02836042792 -0.000166126008905
259310.74414 17.2017015584 45.1049565887 2.0094161738 0.000624953432214
259325.576172 17.1602796999 45.1071079046 2.01482807765 -0.000171670634233
259340.917968 17.1683620138 45.1662690914 2.01952589573 -0.000380869715405
259357.277343 17.1521973861 45.0151391507 2.00696499309 0.00023812181616
259372.097656 17.1592694107 44.9629697405 2.0010418784 0.000690929969604
259386.941406 17.0632919337 44.9522131611 2.01205907372 -0.00105812583346
259401.785156 17.1319916014 44.900043751 1.99839733424 0.000559812129701
259416.623047 17.1441150722 44.9651210564 2.00315321783 0.00039117591695
259431.882812 17.1481562291 45.0678463898 2.01256043557 -0.000160728773016
259447.996093 17.1915986661 45.1334615242 2.01343807385 0.00025942062674
259462.832032 17.1552282538 45.1452937615 2.01915011373 -0.000500887563019
259477.667969 17.2653497801 45.2109088959 2.01165063328 0.00118058115247
259492.496093 17.2208970539 45.1097970495 2.00747157317 0.000958444832574
259507.316406 17.1279504445 45.0522493496 2.01359293496 -0.000447419968765
259522.15039 17.2552468877 45.0839812589 2.000662344 0.00176625208857
259537.001953 17.1047137922 45.0474088889 2.01604434116 -0.000857197644817
259551.800782 17.1501768076 45.0006177685 2.00581730051 0.000288726771623
259566.634766 17.1966501123 45.0038447423 2.00029008269 0.00114796748904
259581.458985 17.2239279216 45.0253579011 1.99893893703 0.00153237845513
259596.302735 17.1117858168 44.9769532938 2.00835595707 -0.000292534728196
259611.142578 17.2017015584 45.0888217196 2.00785830504 0.000723679312655
259625.982422 17.1501768076 45.0662329029 2.0121508391 -0.000112644762948
259640.816406 17.1188578414 44.8978924351 1.99983954359 0.000324604569998
259655.914062 17.1623002784 44.7962427597 1.98457873732 0.00176743059384
259672.519532 17.1673517246 44.6730799255 1.97207158887 0.00261535928224
259687.339843 17.0764256937 44.6413480162 1.98043491155 0.00108975277574
259702.183593 17.1026932137 44.6671638068 1.97962357182 0.00142875097418
259717.003906 17.0632919337 44.6252131471 1.98052963848 0.000939970116603
259731.84375 17.1249195768 44.6569450564 1.97584709114 0.00191143735151
259746.675782 17.0511684629 44.5569088678 1.97547194603 0.00112777525202
259761.503906 17.0461170167 44.663399004 1.98636590968 0.000382103454449
259776.339844 17.1198681306 44.5386226828 1.9650826267 0.00253829591637
259791.169922 17.1491665184 44.5622871575 1.96368161461 0.00294790279853
259806.001953 17.1026932137 44.4687049167 1.96050692639 0.00264021865563
259820.832032 17.1188578414 44.4783858382 1.95940872034 0.00288680283267
259835.673828 17.0360141244 44.390719716 1.96137333636 0.00185535573497
259850.529297 16.9764070597 44.4073924141 1.97046188378 0.000627019305821
259865.353516 17.0845080075 44.2546489864 1.94219078147 0.00360185851634
259880.18164 17.1218887091 44.2309845117 1.93521958102 0.00445291317751
259895.011719 16.9885305305 44.2433545781 1.95315593904 0.00185641215532
259909.847656 17.0026745797 44.4541835345 1.97166860346 0.000838014147234
259924.675782 17.1289607337 44.5230256427 1.96243835851 0.00280543080055
259939.496093 17.069353669 44.5940190668 1.97676305564 0.00124502638534
259954.316406 17.2259485 44.463326627 1.94450451218 0.00500415210155
259969.142579 17.1037035029 44.6166078836 1.97462525269 0.0017565678796
259983.976562 17.043086149 44.5778841977 1.97850730988 0.000846945196632
260000.042968 16.999643712 44.4235272832 1.96909784452 0.000967758445782
260015.292969 17.0875388752 44.4886045886 1.9643263289 0.00223225780542
260030.115235 17.1501768076 44.518185182 1.95930708 0.00323619102304
260044.949219 17.0936006106 44.5396983408 1.96848546558 0.00203504859909
260059.779297 17.1663414353 44.5682032762 1.96209384913 0.00323660836
260074.935547 17.1016829245 44.536471367 1.96715955335 0.00220756433847
260091.1875 16.9753967705 44.5031259708 1.97980566564 2.38255870366e-05
260107.4375 17.0188392074 44.5144203792 1.97543925706 0.000775976785919
260122.998047 17.0582404875 44.5160338661 1.97064712098 0.00151095111216
260140.035156 17.1148166845 44.6978200581 1.98105531892 0.00147075783044
260154.876953 17.2602983339 44.8618578941 1.97859269545 0.00322019976551
260169.697266 17.1683620138 44.8306638138 1.98713645085 0.0016717271087
260184.53711 17.1643208569 44.8016210494 1.9848434925 0.00177278056497
260199.359375 17.0774359829 44.826899011 1.99819455783 -2.46583359164e-05
260214.183594 17.1289607337 44.9376917789 2.00241019207 0.000272319815501
260229.001953 17.1269401553 45.1044187598 2.01875653098 -0.000785711932222
260243.816406 17.1441150722 45.2921210705 2.03473050342 -0.0016099524244
260258.628906 17.1956398231 45.4190487075 2.04052670154 -0.00141298908731
260273.46875 17.3168745309 45.7046358908 2.05292203859 -0.000870332817861
260288.292969 17.2764629616 45.6971062852 2.05727264844 -0.00158883861776
260303.126953 17.2946481678 45.6363316116 2.04910400031 -0.000871921836053
260317.9375 17.2895967216 45.5024121979 2.03678129424 -0.000146351042479
260332.77539 17.2289793677 45.5051013428 2.04465965178 -0.00130971869985
260347.617187 17.3037407709 45.5174714091 2.03646013789 2.89804312399e-05
260362.460938 17.2208970539 45.573943451 2.05233534575 -0.00188468006329
260377.292969 17.2602983339 45.6546177966 2.05519123401 -0.00163403338286
260392.13086 17.3148539524 45.6847362189 2.05124952424 -0.000786483119973
260406.957032 17.2097838723 45.6949549693 2.06544390201 -0.00283713063876
260421.777343 17.1764443276 45.7175437861 2.07181979897 -0.00360634405646
260436.621093 17.3734507279 45.6755931264 2.0429976459 0.000378635270185
260451.441406 17.243123417 45.5803973986 2.05016677997 -0.00150377689895
260466.673828 17.3178848201 45.5094039745 2.03390179918 0.000346096223645
260482.707031 17.3279877125 45.4271161421 2.02467344678 0.00104162990702
260497.574219 17.2663600693 45.3991490356 2.02971569959 4.68231384628e-05
260512.416016 17.1350224691 45.1646556045 2.02355830391 -0.00100151059331
260527.238282 17.1713928815 44.9156407911 1.99495226272 0.0012096134374
260542.06836 17.1289607337 44.7795700616 1.98715929906 0.00123880549255
260556.884766 17.1673517246 44.6209105153 1.96704457626 0.00293393313126
260571.71875 17.0764256937 44.608540449 1.9772739049 0.00129007335062
260586.546875 17.0067157367 44.5332443931 1.97877429093 0.000431938123236
260603.150391 17.1097652383 44.6058513042 1.97282755756 0.00193686165281
260617.972656 17.0067157367 44.5488414333 1.9802765031 0.000336739333847
260632.818359 17.0663228013 44.7381572309 1.99103392605 0.000307467452798
260648.707031 17.0834977183 44.7209467038 1.98721799766 0.000737315217237
260664.607422 17.1926089554 44.8021588784 1.98134131497 0.00230453457275
260679.443359 17.0956211891 44.6418858452 1.97807595104 0.00144939863734
260694.253906 17.1097652383 44.8338907876 1.994808442 0.000543880273868
260709.091797 16.9774173489 44.8753036184 2.01542157597 -0.00221112835506
260723.912109 17.0794565614 44.917792107 2.00670800447 -0.000542055182534
260738.75 17.1572488322 44.8048480232 1.98604310552 0.00161931049104
260753.564453 17.1289607337 44.8978924351 1.99857051906 0.000515649105563
260768.40039 17.0491478844 44.8225963793 2.00133204437 -0.000533159425549
260783.224609 17.0531890413 44.7612838766 1.9949127279 -8.21153490063e-05
260798.0625 17.1542179645 44.6015486724 1.96682915147 0.00280375363961
260812.888672 17.0006540013 44.5526062361 1.98140017328 0.000199187269051
260827.728516 17.0956211891 44.5649763024 1.97066643238 0.0019189576103
260842.550782 17.1471459399 44.5149582081 1.95937705611 0.00319856618691
260857.390625 17.0137877613 44.2799269481 1.95350297377 0.00211084358853
260872.214843 16.943067515 44.1858068782 1.95332836962 0.00134799165366
260887.597656 17.0309626782 44.1481588503 1.93867385155 0.00323858468131
260904.042969 16.9077073919 44.1659072063 1.95585295518 0.000801125492176
260918.878906 16.9824687951 44.0922246374 1.93938517137 0.00266276113387
260933.703125 16.9077073919 44.0330634506 1.94308336038 0.00161036534899
260949.076172 16.8804295826 44.1610667456 1.95881077765 0.000315270185533
260965.515625 16.9875202412 44.1131999672 1.94076728939 0.00263045422591
260980.347657 17.0663228013 44.207857866 1.93997415811 0.00354324743915
260995.158203 16.9713556135 44.2406654332 1.9550533912 0.00154821365536
261009.982422 16.9814585059 44.298750962 1.95937280286 0.00138504086392
261024.810546 17.0057054474 44.3788874786 1.96404003675 0.00135462598215
261039.644532 16.8844707396 44.4783858382 1.98883581526 -0.00154328147688
261054.464843 17.012777472 44.3783496497 1.96310036066 0.0014915766713
261069.292969 16.9854996628 44.4321325467 1.97170194239 0.000647938429584
261084.113281 16.9531704074 44.4068545851 1.97332702866 0.000191174937535
261098.949219 17.0057054474 44.3487690563 1.96114150066 0.00153831316741
261113.785156 16.9359954904 44.4052410982 1.97532752823 -0.000123527567116
261128.617188 16.9642835889 44.3385503058 1.96535829079 0.000817779002037
261143.453125 16.9056868135 44.3482312273 1.97364470629 -0.000348486083404
261158.285156 16.9885305305 44.3934088608 1.96759394073 0.000941441351735
261173.123046 17.0703639583 44.4181489935 1.95970007882 0.00233740812819
261187.947266 17.0117671828 44.4391243233 1.96907720768 0.00110175209543
261202.769532 16.9814585059 44.4278299149 1.97179507096 0.00059781193345
261217.605469 17.112796106 44.444502613 1.95690784055 0.00297891766972
261232.427735 16.9632732997 44.4380486654 1.97506167656 0.000191796852217
261247.267579 16.8632546657 44.4724697195 1.99092848668 -0.0019079779375
261262.091797 16.9673144566 44.298750962 1.96114838358 0.00111773713233
261276.921875 16.986509952 44.281002606 1.95703113871 0.00158871874361
261292.210938 16.9178102842 44.4676292587 1.98361603877 -0.000847756934287
261308.445312 17.012777472 44.3455420825 1.95994305315 0.00169166282222
261323.257813 17.0067157367 44.3433907666 1.9604971026 0.00159020739418
261338.076172 17.0249009428 44.354147346 1.95924896008 0.00186834192215
261352.896485 16.9481189612 44.3998628085 1.9732881121 0.000138367477763
261367.734375 16.9501395397 44.4547213635 1.97831545088 -0.000158117696116
261382.556641 17.0481375952 44.3917953739 1.9599545331 0.00207797369057
261397.378906 16.8258739641 44.3068183966 1.97967489719 -0.00160366431691
261412.210938 16.9966128443 44.281002606 1.95576278037 0.00177966298765
261427.037109 16.8935633427 44.2374384594 1.96450707641 9.79574092877e-05
261441.875 17.0097466044 44.2412032622 1.95028538009 0.00227052054073
261456.701172 16.8955839211 44.1782772726 1.95856389792 0.000496695450738
261471.541016 16.943067515 44.1287970074 1.94784689219 0.00169536602823
261487.777344 17.0228803644 44.189571681 1.94367071319 0.00283345689728
261502.605469 16.8551723518 44.1336374681 1.95934291972 5.26935789793e-06
261517.429688 16.8753781365 44.0744762813 1.95112049359 0.000747364180098
261535.009765 16.9652938781 44.2557246444 1.95726285881 0.00134186130684
261551.197266 16.9238720196 44.098140756 1.94730920524 0.00151941480237
261566.033203 16.9026559458 44.0906111505 1.94924816455 0.00116442318772
261580.859375 16.8824501611 44.0599548991 1.94883737286 0.000969412185021
261595.687499 16.9834790843 44.2223792482 1.95177265653 0.00188879263863
261610.521485 16.9764070597 44.1110486513 1.94195562379 0.00243352938803
261625.355469 16.8955839211 44.1002920719 1.95106625101 0.000971839322759
261640.185547 16.8945736319 44.2234549062 1.96303533895 0.000202277202557
261655.023438 16.9531704074 44.1664450353 1.95019844016 0.00165688907615
261669.847656 16.9501395397 44.2282953669 1.95652683282 0.0012226793011
261684.683594 16.9269028873 44.1949499707 1.95623652181 0.000986830230606
261699.50586 16.9309440443 44.1417049026 1.95060956048 0.0013876394164
261714.328125 16.916799995 44.1696720091 1.95507379289 0.000949980382019
261729.626953 16.8875016073 44.1040568747 1.95244243095 0.000796210309438
261745.845703 16.890532475 44.0491983197 1.94678933997 0.00118761636031
261760.673829 16.9349852012 44.1218052307 1.94818920643 0.00158523891551
261775.5 16.9238720196 44.11696477 1.94911872682 0.00140474107865
261790.341797 17.016818629 44.1158891121 1.93734740653 0.00316783336533
261805.179688 16.9258925981 44.0879220056 1.94607335232 0.00161984098588
261820.0 16.9834790843 44.1659072063 1.94634200172 0.00223294626217
261834.824219 16.9824687951 44.2836917508 1.95779717189 0.00149594849106
261849.648438 16.9945922659 44.1933364838 1.94758439783 0.00227583328788
261864.480469 16.9592321428 44.2691703686 1.95931719124 0.00114534184124
261879.30664 16.9723659028 44.190647339 1.9501160966 0.00187215752851
261894.146485 16.8824501611 44.1508479951 1.95757469364 0.000415707206223
261908.966797 16.9794379274 44.1949499707 1.9496420626 0.00197958912605
261923.798829 16.943067515 44.1815042465 1.95291462474 0.00137421165931
261938.628906 17.0228803644 44.1755881278 1.94232604876 0.00291867150813
261953.46289 16.903666235 44.0803924 1.94813915772 0.00124575626859
261968.292969 16.9097279704 44.1454697054 1.953634323 0.000963831338462
261983.126953 16.8541620626 44.1287970074 1.95900433223 1.56759268254e-05
