Time		Tb_f1		Tb_f2		Q		W
249004.675782 39.2301321235 32.217579299 2.11259303789 -7.81743360538e-05
249019.5 39.4211798494 32.2095247624 2.13683684915 -0.00157522676234
249034.332032 39.3370773179 32.2709406034 2.12180517047 -0.000339546177501
249049.164062 39.3744562208 32.1581770922 2.13491884909 -0.00174001723928
249065.957032 39.3194261693 32.2749678716 2.11931801625 -0.000168517407995
249080.773438 39.3734179179 32.3313496272 2.1217530239 -7.13445647276e-06
249095.566407 39.4024903979 32.2125452136 2.13429625424 -0.00140648653075
249110.390625 39.3080048379 32.1541498239 2.12699963222 -0.00128728168372
249125.214844 39.3827626436 32.2075111283 2.13223365025 -0.00131028486689
249140.042969 39.357843375 32.2044906771 2.12937725672 -0.00115553153119
249154.871094 39.4035287008 32.1410612021 2.13980490827 -0.0021261236309
249169.703125 39.350575255 32.171265714 2.13097864032 -0.00143253854583
249184.535156 39.4471374208 32.218586116 2.139367886 -0.00167756129409
249199.351562 39.3713413122 32.0997817024 2.1389275377 -0.00229837496325
249214.183594 39.4388309979 32.061522654 2.15015897657 -0.00317993652766
249230.460938 39.3692647065 32.1591839092 2.13420062556 -0.00169148242165
249245.296875 39.2508981807 32.1954293235 2.11682867646 -0.00045274672249
249260.117188 39.2425917578 32.1179044096 2.12163562226 -0.00116319915916
249274.933594 39.1584892264 31.9437250575 2.12433694322 -0.00227347411381
249289.765625 39.277894055 32.0826658123 2.12865350688 -0.00177576896391
249304.585938 39.2841238721 32.0756180929 2.12995436363 -0.0018921224966
249319.421875 39.1584892264 31.9819841059 2.12146002637 -0.0018927825854
249334.25 39.176140375 32.1138771413 2.11372107017 -0.000710739480051
249349.070312 39.1314933521 32.0977680683 2.10941328089 -0.000540269652783
249363.90625 39.197944735 31.8833160336 2.13375702638 -0.00316685787489
249381.742188 39.2727025407 32.0887067147 2.12755683875 -0.00167713646376
249396.554688 39.3557667693 31.9870181912 2.14548246459 -0.00330527356664
249411.390625 39.1917149178 32.0997817024 2.11670741324 -0.000966510048478
249426.21875 39.3225410779 32.0534681175 2.13637339325 -0.00239749414279
249441.050782 39.256089695 32.0887067147 2.12550195163 -0.0015539673937
249455.886719 39.2249406093 32.1742861652 2.11520965006 -0.000470896518341
249470.726562 39.299698415 32.1350202997 2.12741157388 -0.00141617832237
249485.554688 39.3152729579 32.0977680683 2.13214141519 -0.00190258446437
249500.382812 39.2685493293 32.1209248608 2.12461898504 -0.00132556899179
249515.191406 39.3080048379 32.0826658123 2.13237845257 -0.00199904064149
249531.445312 39.3827626436 32.1098498731 2.13958342852 -0.00228285323482
249546.277344 39.3318858036 32.3263155419 2.11699295946 0.000250738089314
249563.140625 39.2425917578 32.2568451645 2.11117797007 0.000220622412494
249577.957032 39.2789323579 32.2850360423 2.11355037348 0.000232068787406
249592.78125 39.357843375 32.1158907755 2.13604513929 -0.00203786721859
249607.605468 39.2830855693 32.1440816533 2.12467456224 -0.00120276376741
249622.445312 39.3152729579 32.0333317762 2.13698884809 -0.0025440269314
249637.265625 39.2882770836 32.2588587986 2.11667732994 -9.80327089177e-05
249652.101562 39.1699105578 32.031318142 2.11916175182 -0.00148644203438
249666.929688 39.3090431407 32.1722725311 2.12576418489 -0.00111450117595
249681.765625 39.2041745521 32.2105315795 2.10991345694 4.40360338483e-05
249696.589844 39.285162175 32.1501225556 2.12447684194 -0.00115800529511
249711.417968 39.176140375 31.9940659107 2.12273382561 -0.00190336332927
249726.234375 39.2114426721 32.1984497747 2.11172167551 -0.000130178171499
249742.46875 39.1667956492 32.1179044096 2.11226263441 -0.000601386209465
249757.285156 39.2322087293 32.1017953366 2.12156355339 -0.0012466181229
249772.101562 39.2913919921 32.1732793481 2.12350475156 -0.000973586564905
249786.941407 39.2031362492 32.0001068131 2.12561761581 -0.0020433301206
249801.761718 39.3952222779 32.0645431052 2.14453409234 -0.00282633556769
249816.59375 39.2104043693 32.2054974942 2.11106278164 -5.22837236791e-05
249831.414062 39.2228640035 32.1762997993 2.11480128197 -0.000435448734883
249846.242188 39.2394768493 32.156163458 2.11837133856 -0.000759135950445
249861.078125 39.1740637692 32.1189112266 2.11308552209 -0.000645225881582
249875.902344 39.2467449693 32.1430748362 2.12025525257 -0.000943356656463
249890.71875 39.1159188092 32.0574953857 2.11051780272 -0.00082579126567
249905.546875 39.0961910549 32.0816589953 2.106261486 -0.000439083680295
249920.378906 39.0536206377 31.982990923 2.10842176689 -0.00110579406934
249935.210938 39.1335699578 31.98399774 2.11822785275 -0.00168808598258
249950.046875 39.1522594092 32.0474272151 2.11576769081 -0.00119529078767
249964.875 39.0027437977 32.0917271659 2.09395606577 0.000353329388964
249979.710938 38.9508286548 32.0403794956 2.09140537544 0.000226601128656
249994.539062 39.0401227006 31.9185546308 2.11159883658 -0.00164694584193
250009.367188 39.0920378435 31.98399774 2.11309402103 -0.00138036626881
250024.195312 39.0380460949 32.0363522274 2.10248380617 -0.00045936342124
250039.03125 38.9913224663 32.031318142 2.0970893635 -0.000163432361407
250053.867188 39.0650419692 32.0041340813 2.10824316143 -0.000979987912994
250068.6875 39.1044974778 32.0363522274 2.11069645387 -0.000951626070375
250083.5 38.9601733806 31.9860113742 2.09664881639 -0.000383686050392
250098.328125 39.0131268263 32.0423931298 2.09895027819 -0.000214672993669
250113.152344 38.9186412663 32.1128703243 2.0819761172 0.00118655589736
250127.992188 38.9165646605 31.9537932281 2.09368511728 -0.000381417093675
250142.8125 38.9757479234 31.9950727277 2.09789133697 -0.000408834002812
250157.652343 39.000667192 31.9658750329 2.10316567308 -0.000883915192925
250174.253906 39.1096889921 32.0655499222 2.10914180915 -0.000699454363092
250189.082032 39.000667192 32.140054385 2.09006315118 0.000849891987576
250203.898438 39.022471552 32.0544749345 2.09919608532 -0.000163619562086
250218.738282 39.1221486264 32.014202252 2.11454435926 -0.00130286563412
250234.535157 39.1325316549 31.9960795448 2.11719089144 -0.00156016015255
250250.34375 38.9902841634 31.9437250575 2.10354839645 -0.00102741736299
250265.167968 39.0775016035 31.9950727277 2.11046451351 -0.00116246491667
250280.0 39.1335699578 32.0272908738 2.11497180668 -0.00125722571763
250294.828125 39.0401227006 31.9638613987 2.10819227232 -0.00119616807462
250309.65625 39.1283784435 32.1038089707 2.10857370042 -0.000457044782788
250324.484375 38.9923607691 31.951779594 2.10319932438 -0.000962654744943
250339.34375 39.1076123863 31.9930590936 2.11433765047 -0.00140558110396
250354.15625 39.0089736149 31.9870181912 2.10260199133 -0.000735036033669
250368.984375 38.9227944777 32.0001068131 2.09097175536 3.33281841248e-05
250383.804688 38.9850926491 32.0595090199 2.09419913397 0.000163307842878
250398.628907 38.9684798034 31.9588273134 2.09971912787 -0.000715692545864
250413.429688 38.8906070891 31.951779594 2.09063079895 -0.00020930261619
250428.25 39.0463525177 32.0504476663 2.10244998053 -0.000380586047929
250443.082031 38.9591350777 32.0061477154 2.09500617707 -0.000175606138299
250457.898438 38.920717872 32.0363522274 2.08798914006 0.000409440769356
250472.742188 39.0380460949 32.0192363373 2.10377120047 -0.000629719440694
250487.566406 39.080616512 32.0222567885 2.10880497431 -0.000914996896894
250502.402344 38.9103348434 31.9850045571 2.0905686862 -2.472639975e-05
250517.230468 38.9477137463 31.9598341305 2.09707823035 -0.000551918068498
250533.5625 38.8854155748 31.9276159844 2.0918065193 -0.000411288489294
250548.386718 38.9830160434 31.9386909721 2.10302897557 -0.00102368235407
250563.21875 39.0909995406 32.0897135318 2.10501383004 -0.000320434808635
250578.03125 38.9892458606 31.9729227523 2.10122461942 -0.000729206289104
250592.851562 38.8376536434 31.9809772888 2.08189665889 0.00047314831987
250607.683594 38.8760708491 32.0554817516 2.08103644879 0.000930343816209
250622.515625 38.9601733806 31.8702274118 2.10535400032 -0.0015356101235
250637.335938 38.7784703805 32.015209069 2.07201616339 0.00125173801121
250652.175782 38.986130952 31.8178729244 2.11249556022 -0.00224850367505
250667.003906 38.9435605348 31.8651933264 2.10368029349 -0.00146267921162
250681.835938 38.8968369062 31.9467455086 2.09177866083 -0.000305504765255
250696.671875 38.8303855234 31.9115069114 2.08622283549 -0.000164273179411
250711.5 38.8978752091 31.8641865094 2.09811346825 -0.00113448405238
250726.320312 38.9591350777 31.9135205455 2.10197125553 -0.00109726863535
250741.171875 38.8376536434 31.7937093149 2.09597392788 -0.00138964345605
250756.0 38.7691256548 31.8400228998 2.08403404556 -0.00042203451132
250770.832032 38.8013130433 31.8722410459 2.08558552907 -0.000339739959425
250785.664062 38.708904089 31.8913705701 2.0727425245 0.000534153928363
250800.492188 38.7442063862 31.9175478138 2.07513103291 0.00053343973605
250815.3125 38.920717872 31.8611660582 2.10116160849 -0.00133362217062
250830.140625 38.7639341405 31.936677338 2.07612756357 0.000577817586824
250844.945312 38.9529052606 31.65476856 2.1206440981 -0.00362388043516
250859.789062 38.7462829919 31.826934278 2.08219846277 -0.00038321514156
250874.609375 38.745244689 31.8692205947 2.07889210957 4.50263582218e-05
250889.445312 38.8044279519 31.779613876 2.09293119595 -0.00128393023099
250904.273438 38.935254112 31.7977365831 2.10772395045 -0.00207202921754
250919.109375 38.716172209 31.7967297661 2.08075240444 -0.000460842540695
250933.933594 38.7660107462 31.859152424 2.08221181362 -0.000208735235007
250948.773438 38.6933295461 31.842036534 2.07452898264 0.000158649878766
250963.601562 38.7130573004 31.8370024486 2.07734156221 -3.73220741961e-05
250978.4375 38.7140956033 31.8722410459 2.07482110261 0.000305475235033
250993.261718 38.8386919462 31.8531115217 2.0916379537 -0.00080660094867
251009.730468 38.8293472205 31.8541183387 2.09040856659 -0.000727434253563
251024.554688 38.7836618948 31.8611660582 2.08423913938 -0.000319296488854
251040.308593 38.6746400947 31.8460638022 2.07192037614 0.000336918767031
251056.078125 38.6767167004 31.7635048029 2.07838052914 -0.000499383059259
251070.894532 38.6351845861 31.7262525716 2.07605551121 -0.00056260631818
251085.71875 38.6248015575 31.8541183387 2.06516677879 0.000785547891538
251100.558594 38.6403761004 31.702088962 2.07851101409 -0.000841176873706
251115.382812 38.6299930718 31.8521047046 2.06595850282 0.000727136811883
251130.214844 38.5656182947 31.9407046063 2.05135837506 0.00208439118425
251145.046875 38.650759129 31.7131639497 2.0789599735 -0.000807869130563
251159.878906 38.7182488147 31.7685388883 2.08312687891 -0.000756498633171
251174.703125 38.6964444547 31.8309615462 2.07574566984 2.54712702073e-05
251189.523438 38.6891763347 31.8138456562 2.07613516687 -9.09844982279e-05
251204.347656 38.6891763347 31.733300291 2.08218700342 -0.000891801145883
251219.1875 38.7130573004 31.9115069114 2.07174123756 0.000703747710135
251234.007812 38.621686649 31.8329751804 2.06637163488 0.000598301481114
251248.851562 38.6029971975 31.8460638022 2.06308273007 0.000866643555612
251263.660156 38.7483595976 31.7383343763 2.08911202148 -0.0012795086645
251278.484375 38.737976569 31.9225818991 2.07398372737 0.000629605164992
251293.320312 38.7317467519 31.8953978384 2.07525857693 0.000405257472334
251308.152344 38.7691256548 31.7786070589 2.08864926597 -0.001032749178
251322.976562 38.6985210604 31.7997502173 2.0783473983 -0.000300258072171
251337.8125 38.6559506433 31.8037774855 2.07279254011 5.46039988111e-05
251352.65625 38.7358999633 31.7212184862 2.08886012824 -0.00135748343605
251367.484375 38.6455676147 31.7856547784 2.07287344002 -4.88201133483e-05
251382.328125 38.7691256548 31.8148524732 2.0859256738 -0.000672346523526
251397.144532 38.7005976661 31.7161844009 2.08488199707 -0.00114640910448
251411.972656 38.6912529404 31.7927024978 2.07798019358 -0.000316582944281
251426.804688 38.7047508776 31.8259274609 2.07714892645 -8.60251793025e-05
251441.59375 38.6985210604 31.6849730719 2.08697013147 -0.0014412717491
251456.425782 38.6590655518 31.8349888145 2.07083127736 0.000341946977687
251471.25 38.7192871176 31.8551251558 2.07674823194 9.68382325988e-05
251486.074219 38.6393377975 31.8460638022 2.06756525068 0.000597963155884
251500.898438 38.7037125747 31.795722949 2.07929060323 -0.000378699214571
251515.730468 38.7078657862 31.8279410951 2.07738195455 -8.90385198591e-05
251530.5625 38.745244689 31.9316432527 2.07419942786 0.000665991184345
251545.394532 38.9259093863 31.6789321695 2.1154948866 -0.00318387630366
251560.226562 38.8189641919 31.717191218 2.09941536356 -0.00201205839087
251575.054688 38.6123419232 31.686986706 2.07618733332 -0.000784007600417
251589.878906 38.8553047919 31.6910139743 2.10586835968 -0.00254118003543
251604.703125 38.8615346091 31.7151775838 2.10482257166 -0.00234711332492
251620.445313 38.7577043233 31.8098183879 2.08489431316 -0.000637911179939
251636.203125 38.8625729119 31.7695457053 2.10086632517 -0.00181431778478
251651.023438 38.7327850547 31.8490842534 2.07886796403 -6.30839011855e-05
251665.859375 38.8085811633 31.9809772888 2.07830749752 0.000688281142935
251680.6875 38.8646495177 31.9185546308 2.0899235153 -0.000347736200252
251695.519532 38.8604963062 31.8480774363 2.09470849684 -0.00101803640838
251710.351562 38.8490749748 31.9316432527 2.08701641676 -0.000102253739487
251725.175782 38.9529052606 31.8712342288 2.10438051085 -0.00147178143016
251740.007812 38.767049049 31.9024455578 2.079085634 0.000214216846415
251754.84375 38.788853409 31.9477523257 2.07837064427 0.000503646020082
251769.675781 38.7919683176 31.8521047046 2.08594552685 -0.000470877002557
251784.492188 38.7483595976 31.6930276084 2.09251534933 -0.0017298581703
251799.335938 38.6372611918 31.810825205 2.06995737838 0.000262879158452
251814.160156 38.7421297805 31.669870816 2.0934857312 -0.0019139193119
251828.996094 38.5272010889 31.8148524732 2.05608139546 0.00111650696848
251845.589844 38.6549123404 31.748402547 2.07682513079 -0.000488285558648
251862.246094 38.6829465176 31.8531115217 2.07241550316 0.000345584652521
251877.046875 38.5490054489 31.7765934248 2.06164482953 0.000574933396929
251891.863282 38.6632187633 31.7433684616 2.07822807108 -0.000599753522702
251908.710938 38.8335004319 31.9084864602 2.08683447764 -0.000217371904758
251923.535156 38.7732788662 31.7574639006 2.09075045776 -0.0012736849746
251938.351562 38.6881380319 31.7604843517 2.08001662867 -0.000613877079663
251953.191406 38.6829465176 31.8007570343 2.07635008156 -0.000175063229862
251968.015625 38.6227249518 31.6285913163 2.08185347526 -0.00144108117114
251982.867188 38.5427756318 31.7594775347 2.06216263357 0.000450808289767
251997.695312 38.7847001976 31.7423616446 2.09329482151 -0.00150832340001
252012.523438 38.6528357347 31.7041025961 2.07989679694 -0.000913291563775
252027.351562 38.6029971975 31.7685388883 2.06890845069 9.57479746006e-05
252042.214844 38.4347921346 31.7343071081 2.05074177601 0.000998487544247
252057.03125 38.4773625518 31.6567821941 2.06181194839 -8.65597551323e-05
252071.871094 38.6538740376 31.7302798398 2.07805850714 -0.000660765627268
252086.695312 38.5988439861 31.5973799873 2.08125145247 -0.00157463433379
252101.535156 38.6113036204 31.7665252541 2.07008425658 1.43191402352e-05
252118.21875 38.6123419232 31.7423616446 2.07202772802 -0.000233582760351
252133.042969 38.6019588947 31.7413548275 2.07082272359 -0.000166830470886
252147.867188 38.5168180603 31.8400228998 2.05290959782 0.0014435517966
252162.695312 38.5053967289 31.7121571327 2.0611088706 0.000256643973422
252179.671875 38.417140986 31.7826343272 2.04493552327 0.00160933843081
252194.480468 38.5801545347 31.7423616446 2.06805792471 4.36558100476e-06
252209.320312 38.5645799918 31.7574639006 2.06500264489 0.000269628099851
252224.144532 38.5344692089 31.8289479121 2.05591826126 0.00120296339676
252238.984375 38.6549123404 31.7997502173 2.07296707682 2.22361342239e-05
252253.8125 38.5002052146 31.7141707668 2.06031758181 0.00031502250678
252268.648438 38.643491009 31.6728912671 2.08108826005 -0.00115439947195
252283.476562 38.5490054489 31.7574639006 2.06308210106 0.000384744689315
252298.3125 38.5791162318 31.7423616446 2.06792987576 1.20407807727e-05
252313.140625 38.4742476432 31.6447003893 2.0623352804 -0.000183604879348
252327.960938 38.482554066 31.7302798398 2.05693147739 0.000605579650588
252342.777344 38.4773625518 31.7262525716 2.05659404347 0.00060390587334
252357.617188 38.5012435175 31.7514229982 2.05764709337 0.00067766400493
252372.449218 38.4296006203 31.8370024486 2.04238545605 0.00205793222746
252387.28125 38.5874226547 31.608454975 2.07901130203 -0.00138016902654
252402.109375 38.6019588947 31.7786070589 2.0680239095 0.000203526015004
252418.417968 38.5884609575 31.6557753771 2.0755860196 -0.000917644986539
252433.234375 38.3745705688 31.7081298644 2.04528698271 0.00118310352694
252448.066406 38.4908604889 31.7433684616 2.05697218497 0.000674315351613
252462.90625 38.3506896031 31.6809458037 2.04438644172 0.00108928145985
252477.726562 38.4379070432 31.6718844501 2.05581446513 0.000355027599008
252492.550782 38.3475746945 31.7101434985 2.04180960894 0.00140248467829
252507.390625 38.4077962603 31.685979889 2.05104492045 0.000717544159956
252523.9375 38.3454980888 31.6789321695 2.04389807569 0.00110760643105
252538.773438 38.380800386 31.6225504139 2.05248174912 0.000286612809243
252553.585938 38.5012435175 31.6265776822 2.0670240986 -0.000563159641003
252568.375 38.4077962603 31.7030957791 2.04975933333 0.000887661043202
252583.179688 38.380800386 31.6628230965 2.04945749875 0.000686800425547
252598.023438 38.3579577231 31.7292730227 2.04165185437 0.00151595893725
252612.847656 38.3351150603 31.7000753279 2.04103086976 0.00139441875591
252627.695313 38.3818386888 31.5983868044 2.05442399206 3.88642113236e-05
252642.527344 38.395336626 31.7030957791 2.04822393206 0.000979692349468
252657.363282 38.3486129974 31.6950412426 2.04307190946 0.00124470895496
252672.183594 38.3963749289 31.6779253525 2.05024241623 0.000721855620296
252687.03125 38.5043584261 31.6557753771 2.06521554986 -0.000296043391995
252701.867188 38.5147414546 31.6557753771 2.0664956501 -0.00037277206176
252716.703125 38.3164256088 31.5470391341 2.05021975035 1.18298824382e-05
252731.554688 38.2956595517 31.6265776822 2.04169031807 0.000955336509663
252746.398438 38.3527662088 31.5812709143 2.05212694147 8.35301518102e-05
252761.21875 38.1928675688 31.5893254508 2.03182891106 0.00134395804342
252776.050781 38.2998127631 31.5571073047 2.04741760338 0.000234497346971
252790.878906 38.4524432832 31.6004004385 2.06297400177 -0.000462676004578
252805.703125 38.4430985575 31.5238823416 2.06756634748 -0.0011537373488
252820.53125 38.3340767574 31.5883186337 2.04929530508 0.000291558089708
252835.363282 38.3683407517 31.6306049504 2.05034171846 0.000458665441158
252850.183594 38.4046813517 31.669870816 2.05187094205 0.000580453647691
252865.023438 38.2209017459 31.5309300611 2.03966429001 0.00055699183268
252879.847656 38.2593189516 31.5480459512 2.04311038496 0.000443432944956
252895.585938 38.2530891345 31.6487276576 2.03478395197 0.00148970206302
252911.328125 38.3776854774 31.6134890604 2.0527783216 0.000219585548802
252926.152344 38.3340767574 31.6104686092 2.04763227058 0.000511621156486
252940.988282 38.3963749289 31.5943595361 2.05651756286 -0.000108510805258
252955.808593 38.5614650832 31.6004004385 2.07641490319 -0.00126831798287
252972.589844 38.5012435175 31.7614911688 2.05689066836 0.000777758866138
252988.90625 38.5116265461 31.7051094132 2.06240631812 0.000140554691289
253003.769532 38.5510820546 31.6618162794 2.07052278656 -0.000581317401969
253019.273438 38.5137031518 31.6668503648 2.06553590339 -0.000255038811962
253034.78125 38.607150409 31.8017638514 2.06692419864 0.000395396768644
253050.4375 38.5801545347 31.9084864602 2.05557328379 0.00165641090728
253066.101562 38.5199329689 31.8259274609 2.05435297912 0.0012803543164
253080.929688 38.6601038547 31.779613876 2.07512059972 -0.00021637058325
253095.75 38.6424527061 31.748402547 2.07528808309 -0.000396155565961
253110.585938 38.6632187633 31.7665252541 2.07648830463 -0.000369536806652
253125.414062 38.6196100433 31.6809458037 2.07753753367 -0.000897781049274
253140.257812 38.8366153405 31.685979889 2.103938917 -0.00245289974765
253155.070312 38.7587426262 31.780620693 2.08721645223 -0.000935914843126
253171.367188 38.8002747405 31.8198865585 2.0893922528 -0.000852747250741
253186.203125 38.6891763347 31.8641865094 2.07235172576 0.000409663958174
253201.03125 38.8168875862 31.859152424 2.08849198237 -0.00058516590874
253215.867188 38.6081887118 31.8913705701 2.06031752358 0.00127890325801
253230.695312 38.6974827576 31.7514229982 2.08185041629 -0.000773072991822
253245.878907 38.7898917119 31.795722949 2.08992637835 -0.0010162031023
253261.757812 38.6601038547 31.8098183879 2.07285095883 8.39624134905e-05
253278.507812 38.6393377975 31.7081298644 2.07792917485 -0.000773455741709
253293.332032 38.5801545347 31.7554502664 2.06707460348 0.000134484760824
253308.148438 38.6061121061 31.6678571818 2.07685567011 -0.000928067417149
253322.988282 38.6237632547 31.7473957299 2.07305830712 -0.000267979041077
253337.8125 38.628954769 31.5953663532 2.08511660688 -0.00181725369508
253352.644532 38.5323926032 31.6346322187 2.07025970106 -0.000713319455228
253367.472656 38.5157797575 31.7192048521 2.06185957005 0.000249969325523
253382.296875 38.5656182947 31.6054345238 2.07654909521 -0.00124900156332
253397.132812 38.5573118718 31.5993936215 2.07597834504 -0.00124762276792
253411.960938 38.5272010889 31.6990685108 2.06478030168 -3.45863995555e-05
253426.792968 38.5178563632 31.6144958774 2.06997944946 -0.000805970599504
253441.617188 38.4918987918 31.65476856 2.06375511592 -0.000213978769223
253456.460938 38.351727906 31.6376526699 2.04776566052 0.000651382071401
253471.28125 38.4358304374 31.6527549259 2.05699516345 0.00018026366234
253487.714844 38.6123419232 31.6769185354 2.07694352095 -0.000884071050728
253502.539062 38.4732093403 31.514820988 2.07195791401 -0.0014661963767
253517.367188 38.4950137003 31.6104686092 2.06746565356 -0.000677183477947
253532.195312 38.3942983231 31.5752300119 2.05769783834 -0.000283215453461
253547.03125 38.3164256088 31.6728912671 2.04077026987 0.00126224390294
253561.859375 38.4628263117 31.7051094132 2.05639042939 0.00050114453169
253576.691406 38.4379070432 31.6567821941 2.05694866241 0.000204943561569
253591.523438 38.2852765231 31.6245640481 2.04056263451 0.00101198441081
253606.363282 38.2966978545 31.467500586 2.05375918931 -0.000632433938723
253623.164062 38.3392682717 31.6618162794 2.04441602824 0.000983510712203
253638.0 38.3091574888 31.6416799382 2.0422189018 0.00100574370986
253652.832032 38.2769701002 31.4926710126 2.04944048267 -0.000236844029224
253667.6875 38.322655426 31.5631482071 2.04977792404 0.000125846604186
253682.507812 38.4119494717 31.5319368781 2.0631228545 -0.000843634337229
253697.355468 38.322655426 31.5017323662 2.05438776562 -0.000484156301011
253712.195312 38.4192175917 31.686986706 2.05237682426 0.000643184298566
253727.023438 38.4264857117 31.5863049996 2.06083299133 -0.000410949185848
253741.851562 38.4368687403 31.5832845484 2.0623394229 -0.000517658707835
253756.691406 38.3776854774 31.6638299136 2.04899807274 0.000719811586039
253771.507812 38.3506896031 31.6648367306 2.04559629576 0.000929186049558
253786.351562 38.3340767574 31.6416799382 2.04528864051 0.000821744862612
253801.179688 38.4690561289 31.6144958774 2.06396339822 -0.000445371017798
253816.007812 38.351727906 31.5631482071 2.05335952758 -8.88332057754e-05
253830.835938 38.395336626 31.5631482071 2.05873277908 -0.000410903641004
253845.671875 38.366264146 31.5792572802 2.05394116249 -3.61563821591e-05
253860.507812 38.3496513003 31.4705210372 2.06005577511 -0.000993441994255
253875.324218 38.2530891345 31.5581141218 2.04158739035 0.000589428786478
253891.054688 38.2499742259 31.3748734161 2.05495392676 -0.0012070820113
253906.785156 38.2634721631 31.6004004385 2.03969148232 0.000932868419622
253921.605468 38.3776854774 31.5792572802 2.05534843314 -0.000120507593191
253936.433594 38.2260932602 31.5329436952 2.04015240509 0.000538675083384
253951.273438 38.2686636774 31.4614596836 2.05075961319 -0.000485453280189
253966.164062 38.3122723974 31.5983868044 2.04585336004 0.000552584290017
253980.992188 38.2541274374 31.7192048521 2.02961846169 0.00218248780104
253995.828125 38.2966978545 31.6618162794 2.03917197385 0.00129783712715
254010.660156 38.3766471746 31.7343071081 2.04357644106 0.00142797470762
254025.480468 38.4327155289 31.7061162303 2.05260350672 0.000733605417604
254040.316406 38.3839152946 31.6054345238 2.05415071859 9.35477115362e-05
254055.144531 38.4088345631 31.6306049504 2.05533149188 0.000159580521215
254070.046875 38.4005281403 31.669870816 2.05135913933 0.000611130887842
254084.96875 38.3236937288 31.577243646 2.04884766609 0.000258202853116
254099.796875 38.3621109346 31.6567821941 2.04760836767 0.0007647969
254114.628906 38.3984515346 31.6447003893 2.05299351411 0.000376336662867
254129.457032 38.315387306 31.6255708651 2.04419595939 0.000799676922662
254144.277344 38.3288852431 31.5661686583 2.05031862826 0.000109850276352
254159.117188 38.3984515346 31.6376526699 2.05352275456 0.000306304275581
254173.941406 38.402604746 31.6275844993 2.05479058322 0.000175584649516
254188.777344 38.3320001517 31.6134890604 2.04714965691 0.000556965342869
254203.601562 38.3216171231 31.6195299627 2.04541698279 0.000693654779401
254218.429688 38.3901451117 31.6285913163 2.05317961489 0.000277617960141
254234.902344 38.2240166545 31.5440186829 2.03906539648 0.000664005228074
254249.742188 38.2686636774 31.5047528174 2.04751072742 -5.55405105241e-05
254265.460938 38.424409106 31.6024140726 2.05936761063 -0.00023556657244
254281.1875 38.3911834146 31.6225504139 2.05376116381 0.000209925231235
254296.980469 38.337191666 31.7010821449 2.04121107274 0.00138909168291
254312.773438 38.176254723 31.513814171 2.03545192769 0.000716487164142
254327.617188 38.2375145916 31.4966982809 2.0442791818 9.44000703832e-05
254342.441406 38.183522843 31.6124822433 2.02893978615 0.00164298513924
254357.273438 38.2530891345 31.4554187813 2.04929481718 -0.000430465861968
254372.128906 38.2022122945 31.5601277559 2.03517139867 0.000984942544726
254386.945312 38.2946212488 31.498711915 2.05116118655 -0.000307165313328
254401.789062 38.2811233117 31.5752300119 2.04375513579 0.000552504273956
254416.613282 38.205327203 31.6175163286 2.03124634073 0.00153209245254
254431.457031 38.2177868373 31.5228755246 2.03988529794 0.000499982984479
254446.273438 38.3236937288 31.5178414392 2.05330664878 -0.000331837465695
254461.101562 38.1648333916 31.4916641956 2.03570824252 0.000580791253663
254475.964844 38.1419907287 31.4141392816 2.03871339764 -2.04119362171e-05
254490.78125 38.1534120602 31.4997187321 2.03369779304 0.000745052727816
254505.601562 38.2686636774 31.6779253525 2.03450926171 0.00166489428559
254520.445312 38.3475746945 31.5339505123 2.05503955494 -0.00034818405132
254536.988282 38.2022122945 31.5591209389 2.0352469785 0.000974941352752
254552.9375 38.2748934945 31.5571073047 2.04434832037 0.000418468879704
254568.886718 38.1170714601 31.4634733178 2.03194468329 0.000653243169956
254584.714843 38.2593189516 31.4725346713 2.04877769458 -0.000306500707931
254601.96875 38.1866377516 31.546032317 2.03431195716 0.000959865647676
254616.792968 38.110841643 31.5409982317 2.02535969792 0.00146910731054
254633.023438 38.0350455344 31.4574324154 2.02230415657 0.00119828017053
254647.855468 38.0402370487 31.5752300119 2.01410167158 0.00232992044769
254662.679688 38.1430290316 31.4564255983 2.03566851249 0.000391757691958
254678.871093 38.2032505973 31.5269027928 2.03779320357 0.000647262918347
254693.695312 38.183522843 31.5963731703 2.03014929142 0.00148293588012
254708.53125 38.2302464716 31.5732163778 2.03764071155 0.000908057680139
254723.355468 38.1295310944 31.4926710126 2.03128717223 0.000851257764127
254738.195312 38.1586035745 31.5450255 2.03093630465 0.00115673019488
254753.019532 38.2468593174 31.592345902 2.03825031108 0.000975477091276
254767.859375 38.2790467059 31.5963731703 2.04191201908 0.000777882931407
254782.683594 38.2136336259 31.576236829 2.03536834873 0.00106067610324
254798.089843 38.1554886659 31.5802640972 2.02790753337 0.00152975983169
254814.609375 38.198059083 31.5712027436 2.03382864555 0.00112560879449
254829.441406 38.147182243 31.5842913655 2.02658269346 0.00163105614245
254844.304688 38.2395911974 31.5973799873 2.03697731948 0.00107913857748
254859.171875 38.2281698659 31.5440186829 2.03957680791 0.000633351441787
254874.007812 38.2001356888 31.5812709143 2.0333284703 0.00121030260791
254888.828125 38.2312847745 31.717191218 2.02695675701 0.0023310800124
254903.679688 38.3195405174 31.6285913163 2.04448076942 0.000799023098791
254918.503906 38.2520508316 31.4836096591 2.04705151714 -0.000142874350283
254934.632812 38.4275240146 31.4886437444 2.06829151476 -0.00138864449008
254951.21875 38.2987744602 31.5782504631 2.0457024799 0.000452195377434
254966.042969 38.1430290316 31.577243646 2.02660056721 0.00159168460383
254980.867188 38.2229783516 31.6406731211 2.0316808825 0.00163191530666
254995.703125 38.2842382202 31.7051094132 2.03438568411 0.00182009970931
255010.523438 38.4150643803 31.6467140235 2.05488954743 0.000273635128351
255025.355468 38.3496513003 31.7202116692 2.04130915695 0.00148722710262
255040.1875 38.373532266 31.7836411442 2.03948611293 0.00194144991701
255055.015625 38.3112340945 31.5883186337 2.04648136527 0.00046022445851
255069.851562 38.344459786 31.6326185846 2.0472482366 0.000655032698305
255084.667968 38.3974132317 31.6648367306 2.0513533639 0.000584109806643
255099.507812 38.3133107002 31.6004004385 2.04583007597 0.000564923697899
255114.339844 38.2323230773 31.670877633 2.03056325318 0.00186310107878
255129.171875 38.3070808831 31.6104686092 2.04430673527 0.000710952344219
255143.992188 38.2375145916 31.577243646 2.0382333726 0.000894419140937
255158.820312 38.2780084031 31.5802640972 2.04299356042 0.000625509714959
255173.644531 38.2115570202 31.6195299627 2.03186220211 0.00150612263306
255188.46875 38.2157102316 31.467500586 2.04378536545 -3.46071308999e-05
255203.722657 38.2240166545 31.5591209389 2.0379317376 0.000814018021081
255219.796875 38.1419907287 31.6134890604 2.02375147758 0.0019594423715
255234.597656 38.2624338602 31.6517481088 2.03570795956 0.00145073660767
255249.4375 38.1887143573 31.5279096099 2.0359279274 0.000764537015251
255264.265625 38.2572423459 31.4544119642 2.04988183954 -0.000471120294118
255279.101562 38.2094804145 31.5591209389 2.03614187003 0.000921301930753
255293.929688 38.2177868373 31.5450255 2.03822272156 0.000719985429753
255308.753906 38.2676253745 31.4725346713 2.04980068307 -0.000367818207924
255323.578125 38.2437444088 31.6426867552 2.03408680829 0.00149865084585
255338.410156 38.2395911974 31.6416799382 2.03365096846 0.00151930203098
255353.230468 38.2593189516 31.6114754262 2.03834845252 0.00107356145914
255368.070312 38.4036430489 31.6024140726 2.0568084703 -8.21727773885e-05
255382.894532 38.2915063402 31.6839662549 2.03686897189 0.00155629683972
255397.734375 38.4223325003 31.5007255491 2.06674498947 -0.00123031272621
255412.5625 38.3133107002 31.6044277068 2.04552770222 0.000604935673416
255427.402344 38.4119494717 31.5561004877 2.06130905795 -0.000603621497758
255442.21875 38.2821616145 31.5661686583 2.04456326952 0.000454824058493
255457.054688 38.1523737573 31.6134890604 2.02502956933 0.00188283408992
255471.882812 38.3174639117 31.6014072556 2.04626609232 0.000544260981471
255486.722656 38.351727906 31.7071230473 2.042548176 0.00134179206911
255501.542968 38.2613955574 31.5258959758 2.04502872614 0.000208098534357
255516.40625 38.2728168888 31.6024140726 2.04069118143 0.000883890738779
255531.28125 38.4254474089 31.5561004877 2.06297253286 -0.00070332948401
255546.09375 38.4565964946 31.6376526699 2.06068876682 -0.00012322348515
255560.9375 38.3309618488 31.5953663532 2.0483824391 0.000384576872676
255575.777344 38.3060425802 31.607448158 2.0444056244 0.000688608654162
255590.609375 38.2385528945 31.5107937198 2.04334917262 0.000226719985721
255605.445312 38.3714556603 31.5420050488 2.05737728758 -0.000444542996314
255620.269532 38.2717785859 31.5339505123 2.04570291604 0.000211450158046
255635.09375 38.2157102316 31.5319368781 2.03894947643 0.000605307778351
255649.929688 38.2759317974 31.6155026945 2.04009207846 0.000990938094064
255664.757812 38.3652258431 31.5691891095 2.05456907691 -0.00012850636399
255679.597657 38.2593189516 31.6195299627 2.03774367168 0.00115358982058
255694.414062 38.3403065745 31.5973799873 2.049382478 0.000335578592751
255709.246094 38.4233708032 31.6930276084 2.05243494048 0.000672544680038
255724.078125 38.4202558946 31.6205367798 2.05749503032 -2.4825948893e-05
255738.898438 38.366264146 31.6205367798 2.05084186435 0.000373962021408
255753.726562 38.2790467059 31.6779253525 2.03578805485 0.00158824396286
255768.539062 38.2011739916 31.5571073047 2.03527029783 0.000962601732714
255783.382812 38.2499742259 31.4926710126 2.04611577007 -3.75621540412e-05
255798.207032 38.2998127631 31.4685074031 2.05406731713 -0.000645434130598
255813.035156 38.1845611459 31.5289164269 2.03534103345 0.000805185441865
255827.867188 38.3309618488 31.5963731703 2.04830684774 0.000394579590928
255842.699218 38.3070808831 31.4805892079 2.05405595396 -0.000579124900429
255857.53125 38.2219400488 31.5067664515 2.04160574467 0.000309341129776
255872.363282 38.315387306 31.5561004877 2.0494116524 0.000109503987143
255887.195312 38.2811233117 31.5379777805 2.04655155362 0.000182464875428
255902.03125 38.2852765231 31.607448158 2.04184779651 0.00084192378219
255916.859375 38.1783313288 31.5500595853 2.03298702291 0.00106116446038
255931.695312 38.2738551917 31.5581141218 2.04414486158 0.000436135036408
255946.523438 38.2011739916 31.5359641464 2.03685738663 0.000752588273005
255961.363281 38.2562040431 31.5732163778 2.04083727022 0.000716457297943
255976.179688 38.3236937288 31.4705210372 2.05685792201 -0.000801764023777
255991.804688 38.2790467059 31.5953663532 2.04198761044 0.000767880213155
256007.421875 38.2676253745 31.6215435969 2.03861546176 0.00111227983506
256022.253906 38.3506896031 31.5933527191 2.05096403295 0.000218893684014
256037.085938 38.3174639117 31.4473642447 2.05782809019 -0.000985694478511
256051.914062 38.2125953231 31.5027391833 2.04075736239 0.00033831398351
256066.742188 38.2780084031 31.5561004877 2.04480754148 0.000385472459489
256081.585938 38.2312847745 31.5399914147 2.04026266939 0.000570358939384
256096.398438 38.2125953231 31.4121256475 2.0475566213 -0.000561406237552
256111.234375 38.1959824773 31.4795823908 2.04044974485 0.000230956413205
256126.0625 38.2343996831 31.4836096591 2.04487785724 -1.25860904637e-05
256140.894532 38.2136336259 31.5118005369 2.04020513956 0.000420641861278
256155.726562 38.1295310944 31.4483710618 2.03461143741 0.000411370321349
256170.550782 38.2416678031 31.5057596345 2.04411057192 0.000153733097387
256185.386718 38.2219400488 31.5701959266 2.03684463968 0.000939360150674
256200.214844 38.2167485345 31.5973799873 2.03416453129 0.00124773591865
256215.054688 38.2738551917 31.4644801348 2.05117235533 -0.000493786638043
256229.882812 38.2520508316 31.4785755737 2.04742929135 -0.00019286378346
256246.113282 38.2229783516 31.3386280018 2.0543481547 -0.00136755911505
256262.332032 38.0205092944 31.5279096099 2.01522665601 0.00200536251605
256277.171875 38.0734627401 31.3909824891 2.03201662017 0.000255240942154
256292.003906 38.1212246716 31.4856232932 2.03079369718 0.000842551025023
256306.832032 38.1710632087 31.3929961233 2.04387833354 -0.000444810946627
256321.65625 38.0879989801 31.3879620379 2.03403201108 0.000118038098741
256336.492188 38.1316077002 31.4946846468 2.0313916545 0.000855934042228
256351.320312 38.1087650373 31.2580826366 2.04632775014 -0.00132401611484
256366.136718 38.0755393458 31.4523983301 2.02766446455 0.000849642770997
256380.976562 38.1440673344 31.4221938181 2.03836473268 4.42286006243e-05
256395.804688 38.1388758202 31.4775687567 2.033570732 0.000632343343766
256410.640625 38.2260932602 31.4906573785 2.04332611863 0.000118709570707
256425.480468 38.1970207802 31.5520732194 2.03513683728 0.000943247034963
256440.304688 38.2790467059 31.4423301594 2.05347377196 -0.000752040110418
256455.144532 38.2042889002 31.373866599 2.04940389659 -0.000879882242871
256469.96875 38.1939058716 31.4624665007 2.04147845153 7.63243671408e-05
256484.800782 38.2125953231 31.5057596345 2.04053067578 0.000368310566687
256499.632812 38.1648333916 31.3778938673 2.04424427617 -0.000548749802216
256514.464844 38.2157102316 31.5500595853 2.03758914631 0.000785315119148
256529.289062 38.2395911974 31.43528244 2.04914345383 -0.000530759979196
256544.132812 38.2042889002 31.4141392816 2.04638281014 -0.000480113295784
256558.960938 38.1804079345 31.4554187813 2.04034547923 0.000105953690646
256573.785156 38.2271315631 31.6044277068 2.03491388617 0.00124112334339
256588.617188 38.4254474089 31.3557438919 2.07800635493 -0.00269269831293
256603.464843 38.3340767574 31.5530800365 2.05194072217 -5.84999509702e-05
256618.316406 38.3195405174 31.4453506106 2.0582349859 -0.00102102035952
256633.148438 38.2094804145 31.5540868536 2.03651976433 0.000871296606729
256648.859375 38.2437444088 31.4896505614 2.04557525804 -2.15722693076e-05
256664.5625 38.2115570202 31.4634733178 2.04357618114 -4.39439190864e-05
256679.390625 38.2395911974 31.5571073047 2.0400007366 0.000679061222287
256694.21875 38.1575652716 31.4634733178 2.03692902822 0.00035448363096
256709.050782 38.0807308601 31.3768870502 2.03396834845 6.17182084343e-05
256727.78125 38.3236937288 31.4554187813 2.05799115822 -0.000951720886448
256742.613282 38.038160443 31.4161529157 2.02578457174 0.000765471738683
256757.433594 38.2022122945 31.4473642447 2.04363434802 -0.000134927542151
256774.125 38.2198634431 31.498711915 2.04195453851 0.000244677298244
256788.960938 38.1752164202 31.5118005369 2.03547523257 0.000704150497104
256803.789062 38.168986603 31.4101120134 2.04233868738 -0.000259580575192
256818.613282 38.1513354545 31.4594460495 2.03646434345 0.000360461803904
256833.445312 38.2613955574 31.466493769 2.04948674522 -0.000381814273044
256848.246094 38.161718483 31.373866599 2.04416290754 -0.000565739563133
256863.074218 38.2260932602 31.5561004877 2.03841417971 0.000768687875285
256877.902344 38.2478976202 31.4856232932 2.04638894087 -9.22213231145e-05
256892.742188 38.132646003 31.4292415376 2.03643012481 0.000198463391075
256907.570312 38.1939058716 31.4282347205 2.04404692984 -0.000263552655634
256922.398438 38.132646003 31.4161529157 2.03741209644 6.85227979859e-05
256937.210938 38.3548428146 31.4111188304 2.06515236925 -0.00162155553266
256952.042968 38.0277774144 31.3809143185 2.02715061277 0.000492237658041
256966.867188 38.1004586144 31.3507098066 2.03835958461 -0.000343618672833
256981.6875 38.139914123 31.4403165253 2.03649380549 0.000254795447218
256996.523438 38.1357609116 31.4836096591 2.03273399276 0.000715312039434
257011.351562 38.1388758202 31.4221938181 2.03772570261 8.2531794302e-05
257026.179688 38.1222629744 31.5027391833 2.0296369892 0.00100486447599
257041.019531 38.1409524259 31.4534051471 2.03563953945 0.000377088647845
257055.851562 38.1939058716 31.5530800365 2.03467775201 0.000976235220217
257070.6875 38.1149948544 31.4654869519 2.03153800029 0.000688557135502
257085.511718 38.1139565516 31.4262210864 2.03435641117 0.000306357115002
257100.351562 38.0942287973 31.3305734653 2.03910309922 -0.000497503233073
257115.175782 38.1741781173 31.3950097574 2.04411074898 -0.000447807515486
257130.007812 38.2136336259 31.4121256475 2.04768446697 -0.00056906925334
257144.820312 38.1897526602 31.2681508073 2.0555420995 -0.0018216788536
257159.660156 38.1139565516 31.3043962216 2.04349409483 -0.000902798012346
257174.484375 38.1482205459 31.3708461478 2.0427278931 -0.000496125379809
257191.265625 38.1482205459 31.4332688058 2.03804505041 0.000123537487189
257206.101562 38.1440673344 31.4896505614 2.03330309436 0.000714016060611
257220.921875 38.089037283 31.3919893062 2.03385768428 0.000150355433339
257235.753906 38.1160331573 31.3335939165 2.0415600808 -0.00062837647478
257250.574218 38.0184326887 31.467500586 2.01950478647 0.00142076056178
257265.414062 38.1596418773 31.34265527 2.04624826425 -0.000860191366632
257280.25 38.1970207802 31.3879620379 2.04745170315 -0.000686332599542
257295.074218 38.1118799459 31.4443437935 2.03274110571 0.000501603770161
257309.914062 38.0443902601 31.3205052946 2.03372538082 -0.000229820885856
257324.734375 38.1149948544 31.4262210864 2.03448420224 0.000298697371585
257339.570312 38.1160331573 31.4292415376 2.03438538026 0.000321024519576
257354.398438 38.001819843 31.3960165745 2.02282433286 0.000833558506781
257369.226562 38.0703478316 31.3950097574 2.03133121021 0.000318192663424
257384.054688 38.0900755859 31.3305734653 2.03859198431 -0.000466867220212
257398.894532 37.9976666315 31.3990370256 2.02208683748 0.000894165384809
257413.71875 38.0630797116 31.3013757704 2.03745953029 -0.000557483939498
257428.558594 37.9592494258 31.2590894537 2.02785675868 -0.000211408610582
257443.375 37.9987049344 31.3094303069 2.02893535725 -2.82762984301e-06
257458.1875 37.9685941515 31.2731848926 2.02794931745 -0.000140457490787
257473.03125 37.90629598 31.32553938 2.01636187538 0.000838267954498
257487.851562 38.0558115915 31.1775372715 2.04584901091 -0.00173236933072
257502.683594 37.9737856658 31.2852666974 2.0276819882 -5.88596621218e-05
257517.507812 38.0931904944 31.2842598803 2.042448304 -0.000949411066893
257532.332032 38.1430290316 31.2892939656 2.04820490669 -0.00126713594974
257547.171875 38.067232923 31.3537302578 2.03404427067 -6.85619802585e-05
257561.992188 38.0153177801 31.3335939165 2.02916696442 0.000114461709223
257576.832032 37.9582111229 31.2872803315 2.02561536752 7.59420740175e-05
257591.65625 38.0153177801 31.3476893554 2.02810982147 0.000254349437787
257606.484375 37.9903985115 31.2973485021 2.02881953971 -6.14664642263e-05
257621.320312 38.0682712258 31.3829279526 2.03198198477 0.000213581011267
257636.140625 37.9997432372 31.2439871977 2.03396992886 -0.000659787700737
257652.175782 38.1149948544 31.3023825875 2.04377288266 -0.000930438586375
257668.128906 38.0765776487 31.3346007335 2.0366288937 -0.000327337413672
257684.070312 38.183522843 31.2822462462 2.05371826138 -0.00163585679561
257698.90625 38.0049347515 31.279225795 2.03196659508 -0.000348464725839
257713.726562 38.059964803 31.2973485021 2.03737823334 -0.000574470960488
257728.554688 38.0391987458 31.3557438919 2.03044379704 0.000158181403741
257743.40625 38.1046118259 31.3013757704 2.04257049564 -0.000863833053433
257758.242188 38.0651563173 31.326546197 2.03582751329 -0.000323028600387
257773.078125 38.0828074658 31.2651303561 2.04260483586 -0.00106261740056
257787.902344 38.001819843 31.2892939656 2.03082848307 -0.000225600425778
257802.742188 37.9665175458 31.2772121609 2.02739194003 -8.51908175008e-05
257817.566406 37.9582111229 31.3799075014 2.018668634 0.000995177053472
257832.40625 38.0038964487 31.2721780755 2.032367292 -0.000410733395975
257847.246094 37.8388062943 31.2701644414 2.0122164603 0.000786170314309
257862.085938 37.7484739457 31.2892939656 1.999679731 0.00164144267345
257876.914062 37.90629598 31.2671439902 2.02074065174 0.000258841036626
257891.746094 37.9685941515 31.2228440394 2.03172335767 -0.000639861963251
257906.585938 37.8896831343 31.2278781247 2.02164165416 -8.2524874552e-06
257921.410156 37.8938363458 31.2198235882 2.02275611117 -0.00011875854605
257936.230468 37.7993507857 31.3174848434 2.00381832042 0.0015463994387
257951.070312 37.8346530829 31.2137826858 2.0159327276 0.000257453686465
257965.902344 37.9976666315 31.2097554176 2.03628059398 -0.000984040744205
257980.734375 37.8803384086 31.2460008319 2.01913408466 0.000240394026022
257995.546875 37.7422441285 31.1876054421 2.00653746263 0.000678571328378
258010.382812 37.7733932143 31.1352509548 2.01428885806 -7.00583548431e-05
258025.1875 37.8471127172 31.2611030878 2.01391696617 0.000635064848516
258040.027344 37.86268726 31.1805577227 2.02186945496 -0.000278658178386
258054.835938 37.8128487229 31.1986804298 2.01438450161 0.00026831106966
258069.675782 37.8221934486 31.1996872469 2.01545767929 0.000209447930588
258084.5 37.8533425343 31.2762053438 2.01355052616 0.000738993247736
258099.335938 37.9218705229 31.3698393308 2.01495453225 0.00116313157601
258114.175782 37.9488663972 31.2570758196 2.0267307028 -0.000154841360296
258129.011718 37.9197939172 31.2570758196 2.02315534106 5.94643187128e-05
258143.835938 37.9353684601 31.231905393 2.02695764965 -0.000305037479373
258158.679688 37.8896831343 31.310437124 2.01545167791 0.000810843663717
258173.5 37.8408829 31.2157963199 2.01654761612 0.000231523604538
258188.335938 37.9810537858 31.248014466 2.03136900376 -0.000482034321723
258203.164062 38.0070113572 31.3114439411 2.02980619086 -4.40945577456e-05
258217.992188 37.9146024029 31.2570758196 2.02251693092 9.77303539684e-05
258232.859375 37.8927980429 31.2872803315 2.01757111068 0.000558111445832
258247.679688 37.8606106543 31.3114439411 2.01180173053 0.00103508522258
258262.507812 37.8398445972 31.2882871486 2.01098526655 0.000958328888696
258277.335938 37.8398445972 31.2540553684 2.01355186377 0.000618700782589
258292.160156 37.86268726 31.2913075998 2.01356698808 0.000819975871144
258306.992188 37.8948746486 31.2037145152 2.02409128944 -0.000286196078554
258321.820312 37.8003890886 31.2711712585 2.00741873089 0.00107920851928
258336.65625 37.8678787743 31.1966667957 2.02130033044 -0.000157146093325
258351.480468 37.9104491915 31.2107622346 2.02547812438 -0.000331082324768
258366.320312 37.8647638657 31.2288849418 2.01850234069 0.000185379992216
258381.148438 37.8294615686 31.201700881 2.0162001688 0.000175868851741
258395.984375 37.6944821971 31.2550621854 1.99561248985 0.00169944326309
258410.808594 37.8367296886 31.1815645398 2.01860287629 -7.73985623985e-05
258425.648438 37.8658021686 31.3366143677 2.01055236823 0.00124661018503
258440.519532 37.7484739457 31.3275530141 1.99681073177 0.00202108649286
258455.335938 37.8543808372 31.4070915622 2.00386180406 0.00203030514938
258470.164062 37.8606106543 31.295334868 2.01300970463 0.00087523857761
258485.003906 37.7557420657 31.4000438427 1.99226660342 0.00268704495794
258499.828125 37.8471127172 31.3114439411 2.01014231879 0.00113454966428
258514.660156 37.9156407058 31.3396348189 2.01645387554 0.00090927393687
258529.492188 37.8948746486 31.2278781247 2.02227999549 -4.65143984471e-05
258544.320312 37.8471127172 31.2600962708 2.01399245097 0.000625076230586
258559.148438 37.90629598 31.1463259425 2.02979677673 -0.000939521741268
258573.988282 37.7287461914 31.2087486005 2.00329413502 0.00098769082171
258588.8125 37.7775464257 31.0718214797 2.0195516772 -0.000729520071215
258603.640625 37.7775464257 31.1241759671 2.01562914934 -0.000210466792045
258618.472657 37.7619718828 31.1886122592 2.0088862282 0.000543249734191
258633.304688 37.8128487229 31.0003374682 2.02924494261 -0.00169811489859
258649.554688 37.7380909171 31.1775372715 2.00678172574 0.000609307312179
258664.398438 37.9353684601 31.1090737111 2.03616330749 -0.0015231873738
258679.210938 37.6539883856 31.1805577227 1.99622298893 0.00125858020935
258694.019532 37.77546982 31.2359326612 2.0069979644 0.000913191571851
258708.855468 37.7941592714 31.1503532108 2.01570931423 -7.32791114418e-05
258723.683594 37.8543808372 31.139278223 2.02394182505 -0.000626808101073
258739.308593 37.7868911514 31.0688010285 2.02092641826 -0.000828300640384
258754.929688 37.7951975743 31.154380479 2.01553512677 -4.09919666462e-05
258769.757812 37.81907854 31.1302168695 2.02028115051 -0.000456539618504
258784.570312 37.7547037628 31.0587328579 2.01772500417 -0.000691004952027
258799.390625 37.8055806029 31.0879305528 2.02179037975 -0.000776347887073
258814.222656 37.7370526142 31.0708146627 2.01465094465 -0.000441231969362
258829.054688 37.7858528486 31.0969919063 2.01868681208 -0.00054117926912
258843.875 37.7339377057 31.169482735 2.00687505493 0.000560016473231
258858.714844 37.83361478 31.1020259917 2.02418028791 -0.000843153937296
258873.539062 37.8689170772 31.170489552 2.02338995492 -0.000424417676734
258888.371094 37.8564574429 31.1201486988 2.02563054321 -0.000831789783591
258903.183594 37.9218705229 31.0738351139 2.0371434495 -0.00177304394376
258918.023438 37.8097338143 31.0093988217 2.02818343843 -0.00158536478579
258932.847656 37.9083725858 31.0587328579 2.03661494571 -0.00182326010359
258947.679688 37.8720319857 31.0879305528 2.0299592596 -0.00126598710974
258962.507812 37.9021427686 31.1936463445 2.02573964291 -0.00043962437897
258977.34375 37.8616489572 31.1996872469 2.02030801701 -8.12792724452e-05
258992.171875 38.0122028715 31.0647737603 2.04893299853 -0.00252884185095
259006.996094 37.9447131858 31.1996872469 2.03052196006 -0.000693498722971
259021.835938 38.0173943858 31.2399599295 2.03644329711 -0.000829895005333
259036.664062 38.0277774144 31.2117690517 2.03983396543 -0.00118610244226
259051.488282 38.0786542544 31.2782189779 2.04111239814 -0.000902124822356
259066.304688 38.0184326887 31.294328051 2.0324947435 -0.000298151335485
259081.132812 38.0879989801 31.1181350647 2.05426129693 -0.00255882680602
259095.96875 37.9872836029 31.2419735636 2.03258819699 -0.000587894645529
259110.800782 38.052696683 31.1211555159 2.04969090993 -0.0022684971679
259125.636718 38.1804079345 31.1755236374 2.06133509805 -0.00267152320137
259140.464844 38.2105187173 31.310437124 2.05492812514 -0.00155535798103
259155.304688 38.1824845402 31.2258644906 2.05781746479 -0.00218754199489
259170.132812 38.0931904944 31.295334868 2.04161786927 -0.00083952277952
259184.960938 38.096305403 31.2127758687 2.04819079297 -0.00168154418923
259199.800781 38.045428563 31.200694064 2.04283582461 -0.00142612388179
259214.609375 38.0796925573 31.0788691992 2.05618100597 -0.00288684776549
259229.4375 38.0132411744 31.2449940148 2.03555495691 -0.000749329894368
259244.265625 38.0277774144 31.23291221 2.03824903962 -0.000976375202506
259259.089844 38.0651563173 31.1463259425 2.04933792021 -0.00211080966327
259273.925782 37.9540579115 31.122162333 2.037481153 -0.00153118857206
259288.730468 37.9893602087 31.1654554667 2.03857911257 -0.00136215921684
259303.570312 38.0319306258 31.0567192238 2.0519634294 -0.00275416062932
259318.398438 37.8003890886 31.2157963199 2.01157009606 0.000529874063026
259333.234375 37.9436748829 31.1181350647 2.03650591879 -0.00149457690786
259350.09375 37.8024656943 30.9731534074 2.03000447259 -0.00189100158457
259364.929688 37.7598952771 31.1080668941 2.01466697159 -0.000240166640876
259379.757812 37.7453590371 31.1422986742 2.01031567207 0.000206321796613
259394.601562 37.6373755399 30.9369079931 2.01243430448 -0.00103430796997
259409.4375 37.6654097171 30.8734785181 2.02062620673 -0.00186905124114
259424.277344 37.6602182028 31.0396033337 2.00754940847 -0.000184809543548
259440.398438 37.7567803685 31.1050464429 2.01451049636 -0.000247169244067
259455.652344 37.7079801342 31.059739675 2.01190850741 -0.000336907113846
259470.492188 37.9073342829 31.1835781739 2.02713263822 -0.00057774430765
259485.320312 37.9135641 31.2278781247 2.02457814297 -0.000184264392043
259500.144532 37.8294615686 31.1090737111 2.02314169962 -0.000742677674375
259514.976562 37.6944821971 31.0839032845 2.00843999185 2.02842628469e-06
259529.808593 37.6301074199 31.0325556142 2.00437887689 -3.29817776157e-05
259544.632812 37.7194014657 31.0496715043 2.01406596952 -0.000520818133436
259559.457032 37.6955204999 31.200694064 1.99981566768 0.00115248623172
259574.289062 37.7131716485 31.0486646873 2.01337596031 -0.000484918509286
259589.117188 37.7983124829 31.075848748 2.02180218837 -0.000842575550579
259603.964843 37.7121333457 31.1513600278 2.00555413671 0.000540879528876
259618.78125 37.6913672885 30.9751670416 2.01620176291 -0.00105275793488
259633.632812 37.6186860885 31.0526919555 2.00146783757 0.000250686449395
259648.476562 37.4847450198 31.0033579194 1.98871799558 0.000747427720888
259664.335938 37.534583557 30.9771806757 1.99679632466 0.00012131100108
259680.171875 37.3746849169 31.0808828333 1.96940518418 0.00232537838211
259695.0 37.520047317 30.8392467379 2.00533790417 -0.00113814068696
259709.832032 37.3289995912 30.9932897487 1.97036189192 0.00179310413383
259724.664062 37.3871445512 31.1010191746 1.96942520259 0.00243338241008
259739.5 37.3840296426 30.9177784689 1.98276677455 0.000640278834471
259754.324218 37.5387367684 30.9419420784 1.99994484164 -0.00025841120919
259769.164062 37.3819530369 31.0436306019 1.97308749021 0.00190265960226
259783.992188 37.3310761969 30.9580511515 1.97325541573 0.00142865318658
259798.828125 37.5075876827 30.9640920539 1.99446237776 0.000190260110284
259813.652344 37.2189394883 30.7415854826 1.97570520684 0.000109059627422
259828.492188 37.2905823855 30.9087171153 1.97198251687 0.00123757760195
259843.351562 37.300965414 30.8644171645 1.97657203035 0.000722441592422
259858.1875 37.1348369568 30.8372331037 1.95823909819 0.00167403312618
259873.007812 37.1358752597 30.8442808232 1.95783888737 0.00173620283155
259887.835938 37.2698163283 30.8332058355 1.97508799367 0.000642300074379
259902.667969 37.2075181568 30.8422671891 1.9667713338 0.00118988670884
259917.5 37.2106330654 31.0083920047 1.95471575042 0.00281279922112
259932.328125 37.3850679455 30.9550307003 1.98010502736 0.00100171900284
259947.132812 37.4338681798 31.0204738095 1.98119204223 0.00129132272067
259961.964844 37.3726083112 30.9701329562 1.97744554777 0.00124298588288
259976.796875 37.3871445512 31.0174533583 1.97568514102 0.00160502842779
259991.621094 37.4639789627 30.9308670907 1.99159744449 0.000181905082985
260008.117188 37.3861062484 30.9026762129 1.98415215859 0.000475398698177
260022.945312 37.2075181568 30.9298602737 1.96021448164 0.00205753016296
260037.773438 37.2916206883 30.8855603228 1.9738433553 0.00100055739823
260052.601562 37.3912977627 30.9147580177 1.98388463321 0.00055690628124
260067.4375 37.4463278141 31.0627601262 1.97955362584 0.00161880942462
260082.898437 37.3071952312 30.9278466395 1.97258783012 0.00130496389848
260100.273438 37.3404209226 31.0839032845 1.96497556779 0.00260726772483
260115.085938 37.3643018884 30.9469761638 1.9781604587 0.00107461973059
260132.859375 37.3134250483 31.0265147118 1.9659632108 0.00223688436634
260147.695312 37.4162170312 31.1000123575 1.97306777898 0.00220958749729
260162.527344 37.4899365341 30.9288534566 1.99493418808 -2.90109308632e-05
260177.359375 37.5730007627 31.0345692484 1.99721511478 0.000407328870699
260192.183594 37.3902594598 31.1493463937 1.96618616646 0.00288965599066
260207.011718 37.512779197 30.9882556634 1.99329019465 0.000391501816849
260221.835938 37.5730007627 31.0506783214 1.99600846388 0.000567000421282
260236.652344 37.7474356428 31.2057281493 2.00581703593 0.000820080606724
260251.457032 37.8720319857 31.1463259425 2.02558378069 -0.000686996530375
260266.289062 38.0506200773 31.3688325137 2.03086735354 0.000203857169629
260281.121094 38.2582806488 31.2923144168 2.06216852762 -0.00208771516087
260295.953125 38.0983820087 31.3184916605 2.04052028446 -0.000648035440698
260310.757812 38.0952671001 31.2611030878 2.04444010231 -0.00119447909445
260325.597656 38.0537349858 31.3275530141 2.03434664036 -0.00022880008203
260340.429688 37.9166790086 31.1815645398 2.02843267075 -0.000666592308433
260355.289062 37.9613260315 31.2077417834 2.03196145511 -0.000736079176619
260370.113282 38.0578881973 31.2852666974 2.03802864718 -0.0006790340499
260384.953125 38.2894297345 31.404071111 2.05762300733 -0.00120852103543
260399.773438 38.0859223744 31.2983553192 2.04049693931 -0.000755939938319
260414.609375 38.1430290316 31.200694064 2.05484713319 -0.00214607666661
260429.4375 38.1627567859 31.3617847943 2.04519695118 -0.000693318368736
260444.269532 37.9769005744 31.3919893062 2.02006111601 0.00097731593291
260459.101562 38.1004586144 31.2903007827 2.04288981358 -0.000943086742372
260475.515625 38.0537349858 31.1735100032 2.04589532602 -0.00175699398743
260490.398438 37.9634026372 31.201700881 2.03266967148 -0.00081130621216
260505.234375 37.8834533172 31.1614281985 2.0258562792 -0.000621405374482
260520.066406 37.8969512543 31.1251827841 2.03023206501 -0.00108029844566
260534.898438 37.6778693514 31.0788691992 2.00677625867 7.44520094037e-05
260549.703125 37.3892211569 30.9802011269 1.978729789 0.00122058441645
260564.542968 37.3518422541 30.9882556634 1.97354090209 0.00157526610652
260579.367188 37.3269229855 30.9429488955 1.97387678138 0.00130955415118
260594.207032 37.3508039512 30.982214761 1.97386591687 0.00152303822586
260610.792968 37.3580720712 30.9550307003 1.97679311128 0.00120023385977
260625.632812 37.3103101398 30.8926080423 1.97560795238 0.000932977174448
260640.460938 37.4297149684 31.0657805774 1.9772886714 0.00177094859369
260657.429688 37.5730007627 31.0104056388 1.99902493804 0.000167841801984
260672.265625 37.5107025913 30.998323834 1.99228127712 0.000506555475301
260687.089844 37.3912977627 31.1010191746 1.96993476695 0.00240283933638
260701.914062 37.4650172655 31.0345692484 1.98395901594 0.00120189386005
260716.746094 37.4463278141 31.0617533091 1.97962904774 0.00160882912962
260731.574218 37.425561757 31.1372645889 1.97142318403 0.00251021458992
260746.398438 37.5646943399 30.9449625296 2.00290570109 -0.000419513435519
260761.222656 37.5989583342 30.9802011269 2.00447444278 -0.000322539304109
260776.046875 37.4432129055 31.0305419801 1.98158470355 0.00132237371888
260790.882812 37.4349064827 30.9902692975 1.98358157461 0.000984348147504
260805.71875 37.300965414 30.9298602737 1.97167300502 0.00137071109067
260820.546875 37.2604716026 30.918785286 1.96753623828 0.00155864701102
260835.375 37.2532034826 30.8603898962 1.97101630924 0.00103362934704
260850.210938 37.1472965911 30.8120626771 1.96164982311 0.00133324336613
260865.042968 37.126530534 30.8241444819 1.95820063712 0.00160543345085
260879.875 37.0953814482 30.7435991168 1.96041019238 0.00103674079403
260896.863281 37.0393130939 30.7395718485 1.95384189782 0.00140863283527
260911.703125 37.0808452082 30.6902378124 1.96262060164 0.000615313459691
260926.523438 36.9936277682 30.7355445803 1.94854696899 0.00170420023842
260941.367188 37.0351598825 30.7123877878 1.95536662492 0.00117004175858
260958.335938 36.9998575853 30.7738036287 1.9464476894 0.002037224889
260973.175782 36.9915511625 30.7123877878 1.95002486412 0.00149022465427
260987.984375 37.0413896996 30.7063468854 1.95658167707 0.00106450330627
261002.808594 37.1047261739 30.7899127017 1.95809017729 0.00142662889167
261017.640625 37.2116713683 30.7878990676 1.97134906142 0.000620990401869
261032.460938 37.2313991226 30.7415854826 1.97723281838 1.74952341228e-05
261047.292968 37.271892934 30.841260372 1.9747398404 0.000706803288906
261062.125 37.2698163283 30.9016693959 1.96996349843 0.00132040515196
261076.929688 37.2480119683 30.7295036779 1.98017358376 -0.000224197664827
261091.777343 37.023738551 30.8241444819 1.94560599108 0.00236035123768
261106.605468 37.0818835111 30.8201172137 1.95303093343 0.00189348717137
261121.445312 37.1441816825 30.7909195188 1.96285017774 0.00114676977684
261136.269532 37.2843525683 30.7878990676 1.98026100675 8.68121465937e-05
261151.117188 37.2635865112 30.8130694942 1.97583097532 0.000488684884091
261165.945312 37.1078410825 30.7063468854 1.96472365218 0.00057647674269
261180.765625 37.2542417854 30.8332058355 1.97317817565 0.000756773763214
261195.597656 37.1753307683 30.8019945065 1.96583941399 0.00102758414669
261210.429688 37.2075181568 30.8332058355 1.96744949127 0.00110014869588
261225.253906 37.293697294 30.7566877386 1.98374226531 -0.000290892789968
261240.085938 37.1960968254 30.7506468362 1.97222690207 0.000366618422897
261254.921875 37.199211734 30.7516536533 1.97253343619 0.000353697308736
261269.75 37.1877904026 30.7637354581 1.97022941054 0.000557230376157
261284.554688 37.1472965911 30.8311922014 1.96021825414 0.00152267747468
261300.339843 37.191943614 30.8986489447 1.9606418028 0.00186277619995
261316.089844 37.1971351283 30.7848786164 1.96979301133 0.000697899735373
261330.898438 37.148334894 30.9248261883 1.95333670076 0.00244249922932
261345.730468 37.1825988883 30.9137512006 1.95836569406 0.00208104461631
261360.554688 37.3300378941 30.7295036779 1.99023313013 -0.000827162643051
261375.378906 37.1639094368 30.7446059338 1.96873327485 0.000543310981657
261390.203125 37.2241310026 30.856362628 1.96775310423 0.0012074050195
261405.039062 37.0382747911 30.747626385 1.95311213054 0.00149599269229
261419.859375 37.1317220482 30.7083605195 1.96749962492 0.000420988924362
261434.699218 37.0206236425 30.6630537516 1.95727579388 0.000788509871822
261449.523438 37.0247768539 30.6751355564 1.95688098308 0.000877581090139
261464.363282 37.0673472711 30.7083605195 1.95961123933 0.000893815438675
261479.894532 36.9707851053 30.6711082881 1.95056901347 0.00123411538391
261495.425782 37.0227002482 30.6962787147 1.95504524375 0.00110208375314
261510.257812 36.987397951 30.6469446786 1.95441073408 0.000873036939575
261526.230468 36.9905128596 30.6942650806 1.9512532418 0.00131847248747
261543.117188 37.0050490996 30.716415056 1.95137691164 0.00143098977985
261558.855468 37.0247768539 30.6046583619 1.96215116511 0.000180197829906
261573.683594 36.9375594139 30.6912446294 1.94499411108 0.00167728892119
261588.519532 36.9469041396 30.6449310445 1.94960209537 0.00115036470958
261603.339844 36.951057351 30.7305104949 1.94370990295 0.00196687195614
261618.179688 37.0133555225 30.6680878369 1.95600900437 0.000891692976577
261633.007812 37.1400284711 30.7395718485 1.96618287971 0.000668919570632
261647.851562 36.9687084996 30.6288219714 1.95347693441 0.000830911702386
261662.667968 36.9905128596 30.6640605687 1.9535122632 0.00101954472641
261677.507812 37.0870750254 30.6721151052 1.96473936684 0.000390200955642
261692.335938 37.0102406139 30.7133946048 1.95223875591 0.00136297644844
261707.152344 37.0476195168 30.7214491414 1.9562152129 0.00116824241167
261721.988282 37.0569642425 30.5966038254 1.96669656815 -0.000135843483001
261737.738282 37.023738551 30.6992991659 1.95494651414 0.00112435513843
261753.492188 36.8960272996 30.7295036779 1.93704703388 0.00236078959796
261768.328125 37.0486578196 30.6560060322 1.96123715952 0.000512915063911
261783.160157 36.9261380824 30.8110558601 1.93463207817 0.002947221841
261798.0 36.9811681339 30.6952718977 1.95003340882 0.00139703988555
261812.820312 37.0683855739 30.8120626771 1.95197984292 0.00191285791195
261827.640625 37.1005729625 30.7174218731 1.96300458852 0.000739483346616
261842.476562 37.0455429111 30.6167401667 1.96379175056 0.000147252237878
261857.304688 37.2397055454 30.6992991659 1.98141444932 -0.000462121764528
261872.132812 37.1140708997 30.7254764096 1.96405614779 0.000720067186155
261886.960938 37.1047261739 30.6982923489 1.96494440922 0.000519634297864
261901.800782 37.0185470368 30.6952718977 1.95461179465 0.00112261336413
261916.625 37.0060874025 30.7063468854 1.95225720106 0.00132371057981
261931.449218 36.8804527567 30.8281717502 1.92775773368 0.00345198479301
261946.289062 36.9842830425 30.7738036287 1.94454009264 0.00215156543644
261961.113282 36.9925894653 30.5573379599 1.96174619326 -5.16088758617e-05
261975.953125 36.9240614767 30.7697763604 1.93746657586 0.00255373752081
261990.78125 37.0278917625 30.6258015202 1.96095184972 0.000366519681222
