Time		Tb_f1		Tb_f2		Q		W
249011.369141 46.9265833117 32.217579299 2.11911984277 -0.000491847669362
249026.199218 46.9045323239 32.2095247624 2.11753905041 -0.000440984215532
249041.023438 46.8744139016 32.2709406034 2.1110247045 0.00028417102502
249056.353515 46.9185158772 32.1581770922 2.12193629283 -0.000984307671281
249072.652344 46.9238941669 32.2749678716 2.11541618416 4.28973730783e-05
249087.460938 46.8819435072 32.3313496272 2.10809546116 0.000789034716401
249102.250001 46.9852066695 32.2125452136 2.12491396667 -0.000866575553713
249117.087891 46.8706490988 32.1541498239 2.11769588615 -0.000752078450664
249131.914062 46.975525748 32.2075111283 2.12430977699 -0.000857790630059
249146.742188 46.9373398911 32.2044906771 2.12091446039 -0.000670734472442
249161.56836 46.8131013989 32.1410612021 2.11309495979 -0.000547599946101
249176.396484 46.8706490988 32.171265714 2.11666676639 -0.000597150235418
249191.230468 46.9190537061 32.218586116 2.11835408298 -0.000440462173033
249206.054688 46.9292724566 32.0997817024 2.12645435414 -0.00157319698029
249221.601563 46.7136030394 32.061522654 2.10856394861 -0.000709207438831
249237.164062 46.7958908719 32.1591839092 2.11039431273 -0.000287001436887
249251.988281 46.7975043588 32.1954293235 2.10836589653 3.20493532355e-05
249266.8125 46.6695010638 32.1179044096 2.10104873521 4.83107985329e-05
249281.63086 46.7458727776 31.9437250575 2.1186616328 -0.001955757788
249296.460938 46.6431474443 32.0826658123 2.10070167802 -0.000122807491244
249311.289062 46.7727642262 32.0756180929 2.11325322775 -0.000913522829679
249326.113281 46.7447971197 31.9819841059 2.11626252241 -0.00160370577754
249340.945312 46.757167186 32.1138771413 2.10949374872 -0.000479815004148
249355.773438 46.738343172 32.0977680683 2.10870046466 -0.00052000314196
249371.347656 46.6721902087 31.8833160336 2.11539566264 -0.00208874484886
249388.4375 46.6452987602 32.0887067147 2.10053981331 -8.02067151999e-05
249403.253907 46.6990816572 31.9870181912 2.11168230814 -0.00130176579821
249418.087891 46.7458727776 32.0997817024 2.10928406046 -0.00054401679861
249432.914062 46.8442954792 32.0534681175 2.12128052102 -0.0015152931228
249447.748047 46.8475224531 32.0887067147 2.11946469195 -0.00121455598136
249462.59375 46.8227823204 32.1742861652 2.11200356888 -0.000301184754995
249477.425781 46.8426819923 32.1350202997 2.11622742215 -0.000768264364996
249492.242188 46.8281606101 32.0977680683 2.11710732182 -0.00102390662457
249507.078125 46.7523267253 32.1209248608 2.10861706847 -0.000388880236187
249522.601562 46.6872494199 32.0826658123 2.10482740504 -0.000370101833882
249538.148438 46.8007313326 32.1098498731 2.11381334106 -0.000760664424299
249553.990235 46.7378053431 32.3263155419 2.09490549592 0.00155219197057
249569.830078 46.8179418597 32.2568451645 2.10658533197 0.000473443814922
249584.650391 46.8190175176 32.2850360423 2.10499023343 0.000722700587959
249599.480468 46.7534023832 32.1158907755 2.10902036133 -0.000440472787664
249614.304688 46.8152527148 32.1440816533 2.11311475571 -0.000532333219662
249629.138672 46.8260092942 32.0333317762 2.12077866545 -0.0015948547951
249643.966797 46.7318892244 32.2588587986 2.09841003851 0.000974441662576
249658.800781 46.7308135665 32.031318142 2.11198960398 -0.00107900590289
249673.63086 46.7641589626 32.1722725311 2.10663728465 9.4977860718e-06
249688.462891 46.7926638981 32.2105315795 2.10700460705 0.00019593187911
249703.289062 46.7254352768 32.1501225556 2.10434519181 2.62179528823e-05
249718.105468 46.7544780412 31.9940659107 2.11644261142 -0.00154872999047
249733.283204 46.7114517235 32.1984497747 2.10013082934 0.000542112879257
249749.15625 46.7534023832 32.1179044096 2.10889931182 -0.000422249462173
249763.978515 46.7292000796 32.1017953366 2.10760278571 -0.000432274973839
249778.798828 46.8109500831 32.1732793481 2.11095645054 -0.000243906073035
249793.642579 46.8044961354 32.0001068131 2.12076123005 -0.00177469979429
249808.460938 46.7281244216 32.0645431052 2.10974122674 -0.000763325230364
249823.285157 46.684560275 32.2054974942 2.0971909456 0.00075672890071
249838.105468 46.7991178457 32.1762997993 2.10966723324 -0.000150175407107
249852.945312 46.7125273815 32.156163458 2.10277416584 0.000153292628757
249867.773438 46.7458727776 32.1189112266 2.10813412677 -0.000370900722444
249882.595703 46.6409961284 32.1430748362 2.0968690204 0.000435944870598
249897.414062 46.6528283657 32.0574953857 2.10312007534 -0.000404833991826
249912.250001 46.6151803378 32.0816589953 2.09814630299 2.48775827467e-05
249927.074218 46.7560915281 31.982990923 2.11725902567 -0.00165795503799
249941.914062 46.7044599469 31.98399774 2.11236700197 -0.0013592484455
249956.740234 46.6539040237 32.0474272151 2.1038257805 -0.00050195709968
249971.578124 46.7049977759 32.0917271659 2.10594333494 -0.000387641877613
249986.40625 46.5242872418 32.0403794956 2.09212785785 0.000160836443167
250001.238281 46.4882527008 31.9185546308 2.09607849472 -0.000739122472423
250016.060547 46.4887905298 31.98399774 2.09219740701 -0.000150291406256
250030.898438 46.4710421737 32.0363522274 2.0873925648 0.000422739845751
250045.726562 46.4532938177 32.031318142 2.08603624312 0.000476627632066
250060.564453 46.4463020411 32.0041340813 2.08701628202 0.000269882917552
250075.376953 46.4936309905 32.0363522274 2.08950400625 0.000296180933129
250090.19336 46.4242510533 31.9860113742 2.08604443443 0.000229476750491
250105.025391 46.5108415175 32.0423931298 2.0907498376 0.000254398572743
250119.851562 46.4522181598 32.1128703243 2.08103413317 0.00122055862966
250134.685547 46.448453357 31.9537932281 2.09024181746 -0.000197486544795
250149.513671 46.4344698037 31.9950727277 2.08645495057 0.000254198794585
250165.238281 46.4043513814 31.9658750329 2.08539469888 0.000158810132964
250180.94336 46.4597477653 32.0655499222 2.08458219483 0.000750179196179
250195.777344 46.5414977689 32.140054385 2.08774566432 0.000966341781045
250210.603515 46.4785717793 32.0544749345 2.08700723776 0.000544515440565
250225.912109 46.5226737549 32.014202252 2.09355006154 -6.6935652422e-05
250242.207031 46.503311912 31.9960795448 2.09282893738 -0.000122374266
250257.041015 46.3914434861 31.9437250575 2.08551925281 3.07825300996e-05
250271.867188 46.575918823 31.9950727277 2.09967795398 -0.000538382468937
250286.691407 46.4188727636 32.0272908738 2.08306148643 0.00063300606353
250301.53125 46.4161836187 31.9638613987 2.08662130599 7.43271812193e-05
250316.34961 46.4672773709 32.1038089707 2.08298632111 0.00105419257817
250331.189454 46.5162198072 31.951779594 2.0966971076 -0.000595373999807
250346.042969 46.4861013849 31.9930590936 2.09140161128 -5.32639549845e-05
250360.847657 46.4468398701 31.9870181912 2.08809494071 0.000112051085663
250375.683594 46.4161836187 32.0001068131 2.08444365456 0.000402160406622
250390.501953 46.4688908578 32.0595090199 2.08579982196 0.000644299678178
250405.304688 46.3349714442 31.9588273134 2.07933623511 0.000483590079675
250420.126953 46.4167214477 31.951779594 2.08739737338 -3.79518414452e-05
250434.94336 46.4861013849 32.0504476663 2.08795308478 0.000465892392647
250449.779297 46.4516803308 32.0061477154 2.08739793843 0.000257969091803
250464.601562 46.4549073046 32.0363522274 2.0858845235 0.000513131207358
250479.439453 46.3968217758 32.0192363373 2.08148501365 0.000683645830771
250494.265624 46.3882165123 32.0222567885 2.08049947877 0.00075916320779
250509.09961 46.3973596048 31.9850045571 2.08359211228 0.000370987112838
250524.304688 46.357560261 31.9598341305 2.08138590223 0.00036621408503
250540.257812 46.3403497339 31.9276159844 2.08171352611 0.000171221883849
250555.083984 46.3774599329 31.9386909721 2.08451514406 6.35695263518e-05
250569.912109 46.3451901946 32.0897135318 2.07242565693 0.00161042718843
250584.726562 46.3263661807 31.9729227523 2.07768561718 0.000659252211808
250599.554688 46.3602494058 31.9809772888 2.08036689038 0.0005423826073
250614.375001 46.411343158 32.0554817516 2.08066373179 0.000930224922292
250629.210938 46.3984352627 31.8702274118 2.09058693454 -0.000672937805057
250644.039062 46.3763842749 32.015209069 2.07981748026 0.000761670965231
250658.873047 46.320987891 31.8178729244 2.08649535986 -0.000712521993848
250673.701171 46.3333579573 31.8651933264 2.08480945814 -0.000354028671054
250688.53711 46.338736247 31.9467455086 2.08041370663 0.000353246415884
250703.365234 46.2612888752 31.9115069114 2.07529709208 0.000468151892049
250718.195312 46.2365487426 31.8641865094 2.07582889981 0.000178784213729
250733.027344 46.2058924913 31.9135205455 2.0700038674 0.000796383771298
250747.863281 46.2048168333 31.7937093149 2.07709790056 -0.000280681711058
250762.701171 46.1784632138 31.8400228998 2.07185714635 0.000285384312058
250777.527344 46.2602132173 31.8722410459 2.07755487343 0.0001191547679
250792.363281 46.2392378875 31.8913705701 2.07444746506 0.000409501114422
250807.181641 46.2919451266 31.9175478138 2.07779713551 0.000351175273314
250822.00586 46.2580619014 31.8611660582 2.07801905534 3.1073338893e-05
250836.832032 46.2241786763 31.936677338 2.07032013603 0.000903452956835
250851.648438 46.0725109066 31.65476856 2.07308854857 -0.000795880190579
250866.486328 46.1940602539 31.826934278 2.07409899195 7.98043393352e-05
250881.314454 46.1413530148 31.8692205947 2.06664008897 0.000756947926371
250896.136718 46.1537230812 31.779613876 2.07317468143 -0.000122192453076
250910.976562 46.1435043307 31.7977365831 2.0711329965 9.87577792768e-05
250925.804688 46.1865306484 31.7967297661 2.07520950847 -0.000151063081144
250940.632812 46.0913349206 31.859152424 2.06257703095 0.000945705986428
250955.472656 46.119839856 31.842036534 2.06626473331 0.000631546114499
250970.302734 46.0924105785 31.8370024486 2.06400743562 0.00073946047187
250985.134765 46.1526474232 31.8722410459 2.06751283597 0.000721070270092
251000.373047 46.0891836047 31.8531115217 2.0627390442 0.000903128138999
251016.419921 46.1096211056 31.8541183387 2.06458565797 0.000797920635232
251031.712891 46.1074697897 31.8611660582 2.06396169509 0.000873665600147
251047.947265 45.9880717583 31.8460638022 2.05372982601 0.00140479329783
251062.769531 45.9891474162 31.7635048029 2.0587866504 0.000652606397929
251077.589844 46.0192658385 31.7262525716 2.06383177809 0.000147619710283
251092.421874 46.0219549834 31.8541183387 2.05640655837 0.00128817242528
251107.251953 46.1219911719 31.702088962 2.07486621421 -0.000645168495734
251122.085938 46.0988645262 31.8521047046 2.06370282933 0.000839881537952
251136.906251 46.0058201143 31.9407046063 2.04970124029 0.00216125975156
251151.75 46.0967132103 31.7131639497 2.07184273833 -0.000403724441267
251166.572265 46.0972510393 31.7685388883 2.06856933626 9.36149573062e-05
251181.392578 45.9805421527 31.8309615462 2.0539343893 0.00131037085842
251196.222656 46.029484589 31.8138456562 2.05952703492 0.000882040551938
251211.048828 46.0337872207 31.733300291 2.06476337748 0.000130104271624
251225.880859 46.0375520235 31.9115069114 2.05441499386 0.00171981607708
251240.710938 46.0924105785 31.8329751804 2.06424924698 0.000703057125337
251255.548828 46.0359385366 31.8460638022 2.05819463805 0.00113717434167
251270.351562 46.0354007077 31.7383343763 2.06461175408 0.000166567665847
251285.179688 46.102629329 31.9225818991 2.05982150119 0.00145602365211
251300.019531 46.0429303132 31.8953978384 2.05588424628 0.00154408730969
251314.847657 46.0585273534 31.7786070589 2.06435191448 0.000401164458137
251329.675781 45.9724747181 31.7997502173 2.05505589563 0.00107336540813
251344.509766 46.1268316326 31.8037774855 2.06921431348 0.000246622004211
251359.357421 46.1155372243 31.7212184862 2.07311592163 -0.000436241707368
251374.179688 46.0402411684 31.7856547784 2.06222289448 0.00056710971309
251389.02539 46.0058201143 31.8148524732 2.05725920866 0.00102344994662
251403.841797 46.0375520235 31.7161844009 2.06614180072 -4.55890106756e-05
251418.664062 46.0827296571 31.7927024978 2.06576383325 0.000393201162048
251433.486328 46.0337872207 31.8259274609 2.05920301374 0.000967185887234
251448.291015 46.1499582784 31.6849730719 2.07850340481 -0.000956239107736
251463.121094 46.0854188019 31.8349888145 2.06347595335 0.000760362611605
251477.947265 46.1343612382 31.8551251558 2.06683399405 0.000668634087846
251492.757812 46.1623283447 31.8460638022 2.06998835488 0.000430263915116
251507.601562 46.2274056501 31.795722949 2.07908593482 -0.000388890870141
251522.425781 46.2144977548 31.8279410951 2.0759465097 -2.54579531369e-05
251537.261718 46.1833036745 31.9316432527 2.0668065985 0.00108665487352
251552.089844 46.3866030254 31.6789321695 2.10096450423 -0.00233539068931
251566.925781 46.2101951231 31.717191218 2.08219288114 -0.00100220943167
251581.748047 46.1763118979 31.686986706 2.08084239635 -0.00108548951466
251596.572265 46.139201699 31.6910139743 2.07713698719 -0.000841493045758
251611.851562 46.2607510463 31.7151775838 2.08703409891 -0.0013033391436
251628.064454 46.2101951231 31.8098183879 2.07663289481 -0.000165184632481
251642.896485 46.155874397 31.7695457053 2.07397985019 -0.000225213175945
251657.726562 46.2075059782 31.8490842534 2.07402423536 0.000204787764152
251672.550781 46.283877692 31.9809772888 2.07323334309 0.00096996443161
251687.386718 46.2322461108 31.9185546308 2.07216193855 0.000694425845887
251702.214844 46.2585997304 31.8480774363 2.07885522919 -9.02576064229e-05
251717.048828 46.2935586135 31.9316432527 2.0771011649 0.000469602893022
251731.873047 46.266129336 31.8712342288 2.07816778832 7.69387398664e-05
251746.708984 46.2994747321 31.9024455578 2.07940743917 0.00017246858584
251761.53711 46.266129336 31.9477523257 2.07357192919 0.000768819590047
251776.373047 46.2725832836 31.8521047046 2.07991921387 -0.000132121731048
251791.195312 46.2247165053 31.6930276084 2.08499869765 -0.00130177262375
251806.033203 46.2435405192 31.810825205 2.07968576528 -0.000342695654996
251820.859374 46.101553671 31.669870816 2.07489231383 -0.000821897088753
251836.136719 46.0300224179 31.8148524732 2.05951675776 0.000888133403158
251852.738281 46.1160750532 31.748402547 2.07153457357 -0.000193631177797
251868.933594 46.1273694616 31.8531115217 2.06630239827 0.000689542194412
251883.738281 46.0719730776 31.7765934248 2.06572725101 0.000307775376269
251899.572266 46.0972510393 31.7433684616 2.07008015402 -0.000133830194681
251915.406251 46.1687822923 31.9084864602 2.06684202235 0.000958508063008
251930.222656 46.1639418316 31.7574639006 2.07545806142 -0.000379524563706
251945.054688 46.1623283447 31.7604843517 2.07512615968 -0.000343203819209
251959.884765 46.1112345925 31.8007570343 2.06794012231 0.000306566796838
251974.71875 46.1149993953 31.6285913163 2.07862364348 -0.00126994580702
251989.554688 46.1117724215 31.7594775347 2.07046830454 -6.94895286894e-05
252004.394531 46.0397033394 31.7423616446 2.06477141651 0.000178898106062
252019.216797 46.0461572871 31.7041025961 2.06766962355 -0.000202859326882
252034.066406 46.0343250497 31.7685388883 2.06269844885 0.000445513479254
252048.902344 45.9622559677 31.7343071081 2.05803123372 0.000539101121136
252063.734374 45.9724747181 31.6567821941 2.06363633983 -0.000218372404785
252078.564453 45.9999039956 31.7302798398 2.06178410365 0.0002922558794
252093.398438 46.0133497199 31.5973799873 2.07101225703 -0.00098336065907
252108.929687 45.9703234022 31.7665252541 2.05684977433 0.000785129046292
252124.904297 46.0278711021 31.7423616446 2.06366764734 0.000245057565962
252139.742188 45.956877678 31.7413548275 2.05710669066 0.000632843380422
252154.56836 46.0219549834 31.8400228998 2.05725294125 0.0011607542241
252170.46289 46.0090470881 31.7121571327 2.06372453375 7.7402830687e-05
252186.365235 45.974088205 31.7826343272 2.05623387743 0.000909660440509
252201.179688 45.9773151788 31.7423616446 2.0589522021 0.0005276993705
252216.019531 45.9832312975 31.7574639006 2.05859748673 0.000631091192366
252230.845704 45.9342888612 31.8289479121 2.04974203512 0.00155070440026
252245.681641 45.9305240584 31.7997502173 2.05114397528 0.0013078442687
252260.507812 45.9972148507 31.7141707668 2.06250007261 0.000161745531789
252275.347657 46.0488464319 31.6728912671 2.06979337733 -0.000499848345939
252290.171874 45.9326753743 31.7574639006 2.05388298482 0.00091367645411
252305.011718 45.9278349136 31.7423616446 2.05433811995 0.000804265513871
252319.832031 45.8869599118 31.6447003893 2.0563876901 0.000150431787978
252334.658203 45.8078990531 31.7302798398 2.04388336233 0.00136521878603
252349.478515 45.8772789903 31.7262525716 2.05059162335 0.0009412290171
252364.316406 45.973550376 31.7514229982 2.05805722104 0.000630621731006
252379.146484 45.9127757024 31.8370024486 2.04725255489 0.00174374097626
252393.980468 45.9396671509 31.608454975 2.06347621836 -0.000471462038428
252409.173828 45.8568414895 31.7786070589 2.04554408258 0.00152849799227
252425.103515 45.9095487286 31.6557753771 2.0578291424 0.00012423537091
252439.929688 45.8858842539 31.7081298644 2.05248142836 0.000729412086279
252454.767578 45.8740520165 31.7433684616 2.04926354406 0.00111390865178
252469.59375 45.8019829345 31.6809458037 2.04629261823 0.000952566647672
252484.423828 45.8525388577 31.6718844501 2.0515480727 0.000588293972691
252499.251954 45.6772066133 31.7101434985 2.0329160986 0.00191309855402
252514.945313 45.7831589205 31.685979889 2.04423644736 0.00110318178017
252530.632812 45.7352921421 31.6789321695 2.04019958665 0.0013068329146
252545.466797 45.8606062923 31.6225504139 2.055259892 9.76326998738e-05
252560.267578 45.6734418105 31.6265776822 2.03757952734 0.0011792761832
252575.066406 45.7390569449 31.7030957791 2.03910033124 0.00150409775172
252589.882812 45.7449730636 31.6628230965 2.04206806012 0.00110726087545
252604.720703 45.6675256919 31.7292730227 2.0308664294 0.00213997338051
252619.548828 45.7503513533 31.7000753279 2.04033382205 0.00141374010873
252634.400391 45.6992576011 31.5983868044 2.04167509953 0.000780568073384
252649.226562 45.6503151648 31.7030957791 2.03083462772 0.00199954054433
252664.054688 45.7616457617 31.6950412426 2.04168819869 0.00130518860273
252678.884765 45.7422839187 31.6779253525 2.04091136545 0.00125869548572
252693.726562 45.737443458 31.6557753771 2.04178943841 0.00108564848243
252708.56836 45.737981287 31.6557753771 2.04183954323 0.00108264522047
252723.417969 45.7546539851 31.5470391341 2.04991533829 7.61681885937e-06
252738.259765 45.7239977338 31.6265776822 2.04228855857 0.00089701883178
252753.087891 45.7315273393 31.5812709143 2.04570772598 0.000445835834564
252767.916015 45.7229220758 31.5893254508 2.04442297216 0.000566615923829
252782.751953 45.7503513533 31.5571073047 2.04891066474 0.000122544482477
252797.572265 45.6954927983 31.6004004385 2.04120364336 0.000819770728877
252812.400391 45.6949549693 31.5238823416 2.04574268667 0.000131904307667
252827.22461 45.6546177966 31.5883186337 2.0381214439 0.000938855235548
252842.058594 45.7261490496 31.6306049504 2.04224736532 0.000921378170347
252856.882812 45.629339835 31.669870816 2.03087509153 0.00181647670402
252871.720703 45.6309533219 31.5309300611 2.03935958574 0.000552796284472
252886.546874 45.5847000304 31.5480459512 2.03402665533 0.000965448484736
252903.189454 45.6944171404 31.6487276576 2.03820428771 0.00126222918312
252918.025391 45.774553657 31.6134890604 2.04778383128 0.000496493803841
252932.851562 45.8089747111 31.6104686092 2.05117250431 0.000276961642033
252947.681641 45.865446753 31.5943595361 2.05740215351 -0.000183992190691
252963.486328 45.88265728 31.6004004385 2.05864413293 -0.000225604880724
252980.029297 45.9143891893 31.7614911688 2.05193626803 0.00105226414438
252995.615234 45.9767773499 31.7051094132 2.06113775034 0.000194132716555
253010.802734 45.9880717583 31.6618162794 2.06478891877 -0.000260091171834
253026.646484 46.0553003796 31.6668503648 2.0707579474 -0.000590505327968
253041.888672 46.1316720934 31.8017638514 2.06978693801 0.000201345980674
253057.966797 46.1515717653 31.9084864602 2.06523562973 0.00105479456085
253072.789062 46.1246803167 31.8259274609 2.06768369576 0.000458857373706
253087.626953 46.1994385436 31.779613876 2.07744197581 -0.000377972283862
253102.453124 46.228481308 31.748402547 2.08202689508 -0.000822536516739
253117.277344 46.1359747251 31.7665252541 2.07230388483 -0.000141183837348
253132.115234 46.3150717723 31.6809458037 2.09416139338 -0.00191666760287
253146.951172 46.2596753883 31.685979889 2.08868579411 -0.00156109337082
253162.136719 46.2413892033 31.780620693 2.08129817721 -0.000603635321578
253178.06836 46.4038135524 31.8198865585 2.0941122457 -0.00115812103432
253192.902344 46.2790372313 31.8641865094 2.07979641881 -5.90272060165e-05
253207.726562 46.2171868997 31.859152424 2.07432346555 0.000241629636596
253222.570312 46.2204138735 31.8913705701 2.07268992406 0.000514847382776
253237.390624 46.1693201213 31.7514229982 2.07632266761 -0.000464201454456
253253.275391 46.229556966 31.795722949 2.07928679543 -0.000400930371026
253268.935547 46.1311342644 31.8098183879 2.06925318149 0.000277152280053
253285.207031 46.1176885401 31.7081298644 2.0741021701 -0.000566526080605
253300.021484 46.1397395279 31.7554502664 2.07332002195 -0.000262322389697
253314.853515 46.1467313045 31.6678571818 2.07922923409 -0.00109279723772
253329.679688 46.1456556466 31.7473957299 2.07435562858 -0.000368199337706
253344.513671 46.0375520235 31.5953663532 2.07339066653 -0.00113686515635
253359.335938 46.010660575 31.6346322187 2.06852673226 -0.000631905427993
253374.166015 45.9912987321 31.7192048521 2.06164617224 0.000240300906544
253388.998047 46.0278711021 31.6054345238 2.07188365573 -0.000991816476642
253403.832031 45.9713990602 31.5993936215 2.06697883475 -0.000730655299666
253418.66211 45.9138513603 31.6990685108 2.05563254642 0.000491266809479
253433.482421 45.9633316256 31.6144958774 2.06532056698 -0.000549178536593
253448.320312 45.9229944528 31.65476856 2.0591431722 3.99998041397e-05
253463.15625 45.9875339293 31.6376526699 2.06618849403 -0.000475334215511
253478.382812 45.9181539921 31.6527549259 2.05881267272 4.88635271269e-05
253494.40625 45.9418184668 31.6769185354 2.05956935583 0.000134869705497
253509.236328 45.8498497128 31.514820988 2.06071847021 -0.000814968235984
253524.060547 45.8116638559 31.6104686092 2.05142310988 0.000261940449395
253538.896484 45.8530766867 31.5752300119 2.05739650921 -0.00028761330565
253553.72461 45.792302013 31.6728912671 2.04587379215 0.000933881529988
253568.562501 45.7826210915 31.7051094132 2.04303840307 0.00127899998028
253583.386718 45.774015828 31.6567821941 2.04513643382 0.000890504181031
253598.228515 45.6976441142 31.6245640481 2.03995451689 0.00102597533092
253613.548828 45.6954927983 31.467500586 2.04917330682 -0.000380017464691
253629.865234 45.7465865505 31.6618162794 2.0422787889 0.00108915654581
253644.703124 45.7207707599 31.6416799382 2.04108192465 0.00105143424773
253659.539063 45.6691391788 31.4926710126 2.04520971553 -5.71302013247e-06
253674.376953 45.7250733917 31.5631482071 2.04619344077 0.000318239630215
253689.201171 45.8046720793 31.5319368781 2.05548162676 -0.000408081753592
253704.068359 45.7756293149 31.5017323662 2.05458648763 -0.000518527008729
253718.894531 45.7756293149 31.686986706 2.04347443389 0.00115433043917
253733.714844 45.6874253638 31.5863049996 2.04129770536 0.000737528245665
253748.556641 45.7326029973 31.5832845484 2.04568715605 0.000458011769784
253763.384765 45.7245355627 31.6638299136 2.04010369296 0.00123047757553
253778.205078 45.6610717442 31.6648367306 2.03413210302 0.00159388554709
253793.050781 45.6567691124 31.6416799382 2.03512075699 0.00140874413075
253807.876953 45.7578809589 31.6144958774 2.04616998697 0.000598699175185
253822.701171 45.6158941107 31.5631482071 2.03602522217 0.000927718376381
253837.539062 45.6137427948 31.5631482071 2.03582491309 0.000939724818276
253852.367188 45.8428579362 31.5792572802 2.05620249847 -0.000194159304012
253867.203125 45.6433233882 31.4705210372 2.04413354564 -6.15296497215e-05
253882.023438 45.7234599048 31.5581141218 2.04634505044 0.000281797247867
253898.650391 45.5588842398 31.3748734161 2.04200495443 -0.000453385449481
253913.476562 45.5755569379 31.6004004385 2.03003537723 0.00148919190397
253928.302734 45.5986835836 31.5792572802 2.03345663224 0.00116921835173
253943.132812 45.5653381875 31.5329436952 2.03312986312 0.000937143901946
253957.986328 45.6540799676 31.4614596836 2.04567847363 -0.00020335130581
253972.857421 45.6508529938 31.5983868044 2.03716693016 0.00105078584993
253987.695312 45.7175437861 31.7192048521 2.03612948193 0.00176976059251
254002.521484 45.7750914859 31.6618162794 2.04493461945 0.000929967179477
254017.355468 45.6885010217 31.7343071081 2.03251786252 0.0020683618604
254032.185547 45.8380174755 31.7061162303 2.048140458 0.000978659287178
254047.00586 45.7691753673 31.6054345238 2.04776586991 0.000453793462139
254061.845703 45.7105520095 31.6306049504 2.04079445142 0.00100846521819
254076.826171 45.6841983899 31.669870816 2.03598393203 0.00151025495294
254091.669922 45.7901506971 31.577243646 2.05141126816 8.20822294787e-05
254106.496094 45.755729643 31.6567821941 2.0434326627 0.000992627505684
254121.31836 45.7600322748 31.6447003893 2.04455840867 0.000859473941708
254136.152344 45.7982181317 31.6255708651 2.04926414804 0.000473432432098
254150.976562 45.7363678001 31.5661686583 2.04706445697 0.000282444541086
254165.814453 45.7686375383 31.6376526699 2.04578300589 0.000747762162182
254180.642578 45.6782822713 31.6275844993 2.03796994599 0.00116134717693
254195.46875 45.6874253638 31.6134890604 2.03966709432 0.000983007604136
254210.300781 45.6761309554 31.6195299627 2.03825277312 0.00110061510014
254225.535157 45.6874253638 31.6285913163 2.03876111864 0.00111939716732
254241.601562 45.6309533219 31.5440186829 2.03857468302 0.000670958992606
254256.884766 45.7702510252 31.5047528174 2.05390425507 -0.000461225263193
254273.052734 45.646012533 31.6024140726 2.03647459441 0.00111417179746
254288.367188 45.7250733917 31.6225504139 2.0426303594 0.000854641572315
254304.648438 45.5685651613 31.7010821449 2.02334390385 0.00243758287827
254319.476562 45.5771704248 31.513814171 2.03537844578 0.0006984322449
254334.314453 45.6078266761 31.4966982809 2.03925883717 0.000372858021861
254349.138671 45.5771704248 31.6124822433 2.0294608472 0.00158929356512
254363.984376 45.6675256919 31.4554187813 2.04729280533 -0.000332925507805
254378.816407 45.6443990461 31.5601277559 2.03886064933 0.000741351018039
254393.648438 45.6320289798 31.498711915 2.04139163177 0.00025595829772
254408.484375 45.6298776639 31.5752300119 2.03660265586 0.000958761519094
254423.314454 45.5841622014 31.6175163286 2.02980976803 0.00159574062234
254438.154297 45.4448644981 31.5228755246 2.02252180578 0.00151828400819
254452.976562 45.4889664737 31.5178414392 2.02692729002 0.00122687081026
254467.804687 45.4394862084 31.4916641956 2.02389287279 0.00126654015221
254482.654297 45.4938069344 31.4141392816 2.03359471067 0.000263940614585
254497.472657 45.6148184527 31.4997187321 2.03972873003 0.000361101506997
254512.304688 45.6072888472 31.6779253525 2.02833859677 0.00201230195325
254527.572265 45.6266506901 31.5339505123 2.03877781496 0.000604078410287
254543.671875 45.6546177966 31.5591209389 2.03987264793 0.000675221278565
254560.765625 45.537371081 31.5571073047 2.02907748712 0.00131133680817
254575.916016 45.5110174614 31.4634733178 2.03223912646 0.000613134976635
254592.265625 45.5949187808 31.4725346713 2.03950578384 0.000226794328182
254608.664062 45.4367970635 31.546032317 2.02038257468 0.00177232758149
254624.1875 45.4201243654 31.5409982317 2.01913336608 0.00181985162814
254639.720704 45.5438250286 31.4574324154 2.03565479116 0.00037558935411
254654.548828 45.5642625295 31.5752300119 2.03049371408 0.00132492891986
254670.060547 45.5524302922 31.4564255983 2.03651614511 0.000318491555382
254685.568359 45.4981095662 31.5269027928 2.02723478221 0.00125767086023
254700.396484 45.6175075976 31.5963731703 2.03418265515 0.00121871836051
254715.228515 45.6029862154 31.5732163778 2.03421954725 0.00109066143578
254730.054688 45.4583102223 31.4926710126 2.02558391133 0.00117064942976
254744.892578 45.4964960792 31.5450255 2.02599784789 0.00143027982263
254759.720704 45.4631506831 31.592345902 2.02005683337 0.00204352709999
254774.556641 45.5771704248 31.5963731703 2.03042715366 0.00144382154065
254789.382812 45.6368694405 31.576236829 2.03719332756 0.00092882824607
254805.916015 45.537371081 31.5802640972 2.02768863061 0.00152042137714
254821.304688 45.5438250286 31.5712027436 2.02883284005 0.00140259588121
254836.134765 45.5933052939 31.5842913655 2.03265395976 0.00124468760031
254851.050781 45.481974697 31.5973799873 2.02150646425 0.00198399573956
254865.865234 45.6115914789 31.5440186829 2.03677184925 0.000779020090381
254880.705078 45.6481638489 31.5812709143 2.03794314244 0.000911241706714
254895.541015 45.6530043097 31.717191218 2.03023916067 0.0021118747235
254910.378906 45.6314911508 31.6285913163 2.0335520421 0.00143162702422
254925.849609 45.5798595697 31.4836096591 2.03743980994 0.000410787942905
254941.771484 45.6153562817 31.4886437444 2.0404428348 0.000258134280582
254957.908203 45.6024483864 31.5782504631 2.0338675384 0.00113911739953
254972.744141 45.5707164772 31.577243646 2.03097374011 0.00130709906547
254987.564454 45.7487378664 31.6406731211 2.0437477444 0.000886173285217
255002.396485 45.7342164842 31.7051094132 2.03852855099 0.00154931861712
255017.222656 45.8390931334 31.6467140235 2.05180504837 0.000436059311102
255032.046874 45.7976803027 31.7202116692 2.04353534219 0.00133133110193
255046.886718 45.7627214196 31.7836411442 2.03647071293 0.00209973233105
255061.710938 45.7648727355 31.5883186337 2.04839164669 0.000323263599338
255076.548828 45.756805301 31.6326185846 2.04498258618 0.000768375437627
255091.369141 45.6567691124 31.6648367306 2.03373140579 0.00161790317045
255106.207031 45.7428217477 31.6004004385 2.04561250146 0.000555505628418
255121.039062 45.7637970776 31.670877633 2.04333857955 0.00107489399502
255135.867188 45.7476622085 31.6104686092 2.04545951597 0.00061939576029
255150.6875 45.646012533 31.577243646 2.03798435545 0.000886885730377
255165.517578 45.7465865505 31.5802640972 2.04717105758 0.000352652897621
255180.34375 45.7611079327 31.6195299627 2.04616865845 0.000626140262748
255195.164062 45.6841983899 31.467500586 2.048121331 -0.000316962476279
255211.25586 45.6002970705 31.5591209389 2.03481455762 0.000978401083921
255226.484375 45.5933052939 31.6134890604 2.03090257014 0.00150834949728
255241.298828 45.6933414824 31.6517481088 2.03792288031 0.00129551579536
255256.134765 45.6148184527 31.5279096099 2.03803833868 0.000615580456671
255270.960938 45.7406704318 31.4544119642 2.054166392 -0.000750393960939
255285.800781 45.6906523376 31.5591209389 2.04322869321 0.000474061335422
255300.625001 45.6739796395 31.5450255 2.04252116066 0.000439879404111
255315.447265 45.6573069414 31.4725346713 2.04531504073 -0.000121410086438
255330.271484 45.6078266761 31.6426867552 2.03050296524 0.00169100549736
255345.105468 45.6734418105 31.6416799382 2.03667350173 0.0013156732639
255359.929688 45.6696770077 31.6114754262 2.03813486542 0.00106390438574
255374.767578 45.737981287 31.6024140726 2.04504076587 0.000600719083266
255389.593751 45.6987197721 31.6839662549 2.03649070584 0.00155651055344
255404.431641 45.7153924702 31.5007255491 2.04903491951 -0.00019123797538
255419.259765 45.6777444423 31.6044277068 2.03930898781 0.000955223405824
255434.09375 45.6782822713 31.5561004877 2.0422577037 0.000515849269563
255448.919921 45.719157273 31.5661686583 2.04546117408 0.000378544642989
255463.753906 45.700871088 31.6134890604 2.04091947061 0.000907940696029
255478.583984 45.647088191 31.6014072556 2.03663515669 0.00109907581884
255493.416015 45.7482000374 31.7071230473 2.03971045671 0.00148942437624
255508.244141 45.7573431299 31.5258959758 2.05143379732 -0.000198278132342
255523.132812 45.8030585924 31.6024140726 2.05110433999 0.00023727100015
255537.974609 45.6723661526 31.5561004877 2.04170670456 0.000548875926321
255552.789062 45.7315273393 31.6376526699 2.04232558168 0.000954998714871
255567.648438 45.6718283236 31.5953663532 2.03930152701 0.000906423530335
255582.472657 45.774553657 31.607448158 2.04814620542 0.000441940407074
255597.3125 45.6761309554 31.5107937198 2.0447742636 0.000118841237907
255612.136718 45.8057477373 31.5420050488 2.05497809665 -0.00032319589491
255626.964844 45.7492756954 31.5339505123 2.0501991708 -8.05128555923e-05
255641.794921 45.7482000374 31.5319368781 2.05021970817 -9.26845666456e-05
255656.63086 45.7594944458 31.6155026945 2.04625991871 0.000598780949396
255671.455078 45.6809714161 31.5691891095 2.04172317679 0.00061901209289
255686.292969 45.7691753673 31.6195299627 2.04692032309 0.000581085800584
255701.117188 45.774015828 31.5973799873 2.04870002881 0.000354024916457
255715.937501 45.756267472 31.6930276084 2.04130793671 0.0013170332126
255730.773438 45.7105520095 31.6205367798 2.04139844673 0.000917537108005
255745.601562 45.8191934615 31.6205367798 2.05152085184 0.000310804402853
255760.410157 45.720232931 31.6779253525 2.03885712711 0.00138182566838
255775.242188 45.6976441142 31.5571073047 2.04400069364 0.000416846085502
255790.078125 45.6976441142 31.4926710126 2.04786462544 -0.00016484720347
255804.906251 45.5852378594 31.4685074031 2.03884593325 0.000244469823935
255819.726562 45.5707164772 31.5289164269 2.03387203286 0.000870777325574
255834.570312 45.6551556255 31.5963731703 2.0376884015 0.00100858539902
255849.394531 45.6175075976 31.4805892079 2.04112605494 0.000173428414992
255864.230468 45.5895404911 31.5067664515 2.03695265243 0.000565786128128
255879.058594 45.7422839187 31.5561004877 2.04821944545 0.000158504976435
255893.898438 45.627726348 31.5379777805 2.03863646805 0.000634432382249
255908.726562 45.6411720723 31.607448158 2.03572186955 0.00118664987429
255923.560547 45.6987197721 31.5500595853 2.04452355414 0.000347210236059
255938.390625 45.7116276674 31.5581141218 2.04524284388 0.000347863045555
255953.22461 45.5986835836 31.5359641464 2.03605306902 0.000778339338199
255968.0625 45.6804335871 31.5732163778 2.04143154193 0.000658377507539
255982.882812 45.6422477302 31.4705210372 2.04403337857 -5.55256774327e-05
255999.285157 45.7137789833 31.5953663532 2.04320891752 0.000672216186005
256014.121094 45.7680997093 31.6215435969 2.04669930307 0.000605278392776
256028.949218 45.6476260199 31.5933527191 2.03716838014 0.00102333991746
256043.785157 45.6223480583 31.4473642447 2.0435685898 -0.000153445416203
256058.605468 45.7449730636 31.5027391833 2.05166985573 -0.000338235671826
256073.44336 45.7417460898 31.5561004877 2.04816933967 0.000161508296247
256088.279297 45.664298718 31.5399914147 2.04192144272 0.000448473369725
256103.09961 45.6454747041 31.4121256475 2.04783433815 -0.000600511863114
256117.927734 45.5513546342 31.4795823908 2.03502775069 0.00053348906895
256132.765624 45.6024483864 31.4836096591 2.03954283257 0.000284733650587
256147.589844 45.5976079257 31.5118005369 2.03740189023 0.000566208053533
256162.425781 45.5847000304 31.4483710618 2.04000300371 6.57427112981e-05
256177.250001 45.6841983899 31.5057596345 2.0458274909 2.83623016442e-05
256192.083984 45.6390207564 31.5701959266 2.03775597467 0.000862275720649
256206.914062 45.6196589135 31.5973799873 2.03432257537 0.00121580342881
256221.751953 45.6325668088 31.4644801348 2.04349405272 -5.60118028907e-05
256236.578125 45.6347181247 31.4785755737 2.0428493334 5.91975761181e-05
256254.212891 45.5233875278 31.3386280018 2.04087286846 -0.00058231551873
256269.031251 45.4486293009 31.5279096099 2.02257021293 0.0015427334087
256283.873047 45.5814730566 31.3909824891 2.04314237365 -0.000434091436567
256298.695312 45.5798595697 31.4856232932 2.03731908254 0.000428962777157
256313.525391 45.4690668018 31.3929961233 2.03255973576 0.000211161650219
256328.357421 45.5212362119 31.3879620379 2.03771633031 -0.000125257840225
256343.191406 45.5814730566 31.4946846468 2.03692600542 0.00050174798179
256358.015625 45.573405622 31.2580826366 2.0503539845 -0.00158780630289
256372.837891 45.6492395069 31.4523983301 2.04577091391 -0.000258109582782
256387.675781 45.6304154929 31.4221938181 2.0458285638 -0.000425609691503
256402.50586 45.5879270042 31.4775687567 2.03855304112 0.00031124643658
256417.343751 45.6228858873 31.4906573785 2.04102320011 0.000234286144205
256432.173828 45.6121293079 31.5520732194 2.03633888731 0.000848737268321
256447.007812 45.6535421386 31.4423301594 2.04677514003 -0.000372986323493
256461.839844 45.6083645051 31.373866599 2.04667175598 -0.000738578277565
256476.669921 45.6347181247 31.4624665007 2.04381509533 -8.6192473353e-05
256491.492188 45.6686013498 31.5057596345 2.04437484981 0.000115432997774
256506.332031 45.7057115488 31.3778938673 2.05549611018 -0.0012456393949
256521.160157 45.7213085889 31.5500595853 2.04662769574 0.000221088873416
256535.992188 45.6379450985 31.43528244 2.04574516269 -0.000349527231235
256550.828125 45.646550362 31.4141392816 2.04781381558 -0.000588346553914
256565.66211 45.6363316116 31.4554187813 2.04438784132 -0.000158803186664
256580.476562 45.683122732 31.6044277068 2.03980990757 0.000925198485786
256595.330078 45.5986835836 31.3557438919 2.04685640972 -0.000848043091712
256610.173828 45.6610717442 31.5530800365 2.04083598207 0.000584654106151
256625.011718 45.6196589135 31.4453506106 2.04343890449 -0.000156608856817
256640.28711 45.5836243725 31.5540868536 2.033564231 0.00102599063729
256656.4375 45.5642625295 31.4896505614 2.03562566164 0.000552342960821
256671.257812 45.5626490426 31.4634733178 2.03704486739 0.000325080886424
256686.089844 45.5863135173 31.5571073047 2.0336334387 0.00103825498679
256700.914062 45.6078266761 31.4634733178 2.04125080134 7.29789740988e-05
256717.695313 45.4991852241 31.3768870502 2.03632783812 -0.000102168003952
256734.476562 45.5814730566 31.4554187813 2.03928009502 0.000147352978588
256749.304688 45.5357575941 31.4161529157 2.03737829795 4.80892712395e-05
256765.066407 45.6040618733 31.4473642447 2.04186597493 -5.13913968391e-05
256780.822265 45.5492033184 31.498711915 2.03368056725 0.000718156262265
256795.65625 45.6427855592 31.5118005369 2.04160848212 0.000314066704976
256810.488281 45.6212724004 31.4101120134 2.04570136398 -0.000483597390468
256825.304688 45.5820108855 31.4594460495 2.03908873769 0.000180697322742
256840.140625 45.5497411473 31.466493769 2.03566225196 0.000424360645022
256854.937501 45.5825487145 31.373866599 2.04426825527 -0.00059451345586
256869.771484 45.4948825923 31.5561004877 2.02518351107 0.00153926919548
256884.601562 45.555657266 31.4856232932 2.03506607983 0.000564006811919
256899.439453 45.6696770077 31.4292415376 2.04906233961 -0.000581165645401
256914.263671 45.5330684492 31.4282347205 2.03640382748 0.000172112291336
256929.08789 45.5873891753 31.4161529157 2.04218457076 -0.000239996699381
256943.910157 45.5680273323 31.4111188304 2.04068381674 -0.000177380179237
256958.730468 45.4448644981 31.3809143185 2.03103191601 0.000237134579969
256973.566406 45.5158579222 31.3507098066 2.03944814715 -0.000431326047301
256988.390624 45.5163957512 31.4403165253 2.03412784666 0.000374150630428
257003.214844 45.5631868716 31.4836096591 2.03588771527 0.00050381984479
257018.050781 45.482512526 31.4221938181 2.03206090907 0.000399617742873
257032.873047 45.50133654 31.5027391833 2.02898400418 0.00102154472934
257047.726562 45.5266145016 31.4534051471 2.03429431422 0.000435261488351
257062.552734 45.5680273323 31.5530800365 2.03217262475 0.00110393210075
257077.384765 45.5497411473 31.4654869519 2.03572261092 0.000415273940182
257092.210938 45.5766325958 31.4262210864 2.04057969645 -8.91233816861e-05
257107.048828 45.609977992 31.3305734653 2.04941617771 -0.00113812421399
257121.875001 45.5276901595 31.3950097574 2.03789463433 -9.76756114465e-05
257136.699219 45.5362954231 31.4121256475 2.03766974078 8.74982832415e-06
257151.523438 45.447015814 31.2681508073 2.03798825681 -0.000791968298794
257166.353515 45.5180092381 31.3043962216 2.0424232646 -0.000861072292923
257182.158204 45.5545816081 31.3708461478 2.04184578167 -0.000465711385551
257197.966797 45.6056753603 31.4332688058 2.04286113434 -0.000187595952546
257212.800781 45.5153200932 31.4896505614 2.03107015944 0.000825397846616
257227.615234 45.5771704248 31.3919893062 2.04268147907 -0.000400998509384
257242.447265 45.5599598978 31.3335939165 2.04457863864 -0.000831766955965
257257.28125 45.5400602259 31.467500586 2.03470078379 0.000487459479109
257272.115234 45.4233513393 31.34265527 2.03132307914 1.19585582925e-05
257286.947265 45.4566967354 31.3879620379 2.03171044005 0.000234732696398
257301.773438 45.5153200932 31.4443437935 2.0337863246 0.000416494395115
257316.607422 45.4308809448 31.3205052946 2.03335071926 -0.000229823223025
257331.433594 45.4556210775 31.4262210864 2.02931728405 0.000585940881291
257346.257812 45.3991490356 31.4292415376 2.02388252916 0.000928101603333
257361.097657 45.4739072625 31.3960165745 2.03282911986 0.00021141638722
257375.919921 45.3937707459 31.3950097574 2.02543398518 0.000649210457688
257390.757812 45.3410635068 31.3305734653 2.02439313673 0.000361746338451
257405.589844 45.3953842328 31.3990370256 2.02534270326 0.000676550765365
257420.421874 45.3222394928 31.3013757704 2.02439195606 0.00020332156997
257435.251953 45.46476417 31.2590894537 2.04018240085 -0.000972661812537
257450.064453 45.446477985 31.3094303069 2.03546534338 -0.000416691645707
257464.890625 45.3873167982 31.2731848926 2.03213304457 -0.000413687729
257479.728515 45.4884286447 31.32553938 2.03840365612 -0.000505366506848
257494.552734 45.4712181176 31.1775372715 2.04566691976 -0.00174391425822
257509.376953 45.573405622 31.2852666974 2.04872562383 -0.00134266572583
257524.207031 45.5685651613 31.2842598803 2.04833532976 -0.00132473630931
257539.033204 45.5029500269 31.2892939656 2.04192649594 -0.000913270043972
257553.865235 45.5314549623 31.3537302578 2.04071880556 -0.000491090188625
257568.695312 45.4701424597 31.3335939165 2.03621946618 -0.000330721674569
257583.527344 45.4265783131 31.2872803315 2.03494092264 -0.000505487172298
257598.357421 45.4238891682 31.3476893554 2.03107147211 5.43699501873e-05
257613.179688 45.4341079187 31.2973485021 2.0350382773 -0.000456674373823
257628.017578 45.4599237093 31.3829279526 2.03231238599 0.000171317507165
257643.140625 45.4954204213 31.2439871977 2.04393965373 -0.00127982821024
257659.435547 45.446477985 31.3023825875 2.03588757173 -0.000480255759155
257675.94336 45.4179730496 31.3346007335 2.03130535422 -3.07060900016e-05
257690.765625 45.4959582503 31.2822462462 2.04169801992 -0.00093782797156
257705.599609 45.4717559466 31.279225795 2.0396267984 -0.000830073485326
257720.423828 45.5449006866 31.2973485021 2.04534841386 -0.00107465962309
257735.248047 45.5094039745 31.3557438919 2.03854584285 -0.000349911208709
257750.121094 45.4405618663 31.3013757704 2.03539746098 -0.000456343766065
257764.94336 45.4265783131 31.326546197 2.03258849757 -0.00015134275429
257779.775391 45.3964598907 31.2651303561 2.03346598193 -0.000537297733413
257794.601562 45.3937707459 31.2892939656 2.03176837609 -0.000304396611836
257809.439453 45.3889302852 31.2772121609 2.03204188196 -0.000386365774916
257824.267578 45.3416013358 31.3799075014 2.021486941 0.000803789522977
257839.109374 45.3926950879 31.2721780755 2.03269362394 -0.000452752988762
257853.945312 45.337298704 31.2701644414 2.02766204356 -0.000162090844523
257868.785157 45.3346095591 31.2892939656 2.02626604702 2.54106785534e-05
257883.609374 45.2652296219 31.2671439902 2.02114201763 0.000212323940088
257898.449219 45.2157493567 31.2228440394 2.01919593976 8.85668036639e-05
257913.275391 45.1861687633 31.2278781247 2.01614529139 0.000298737791527
257928.103515 45.101191786 31.2198235882 2.0087321079 0.00069937491802
257942.931641 45.1512098802 31.3174848434 2.0075291717 0.00130151317942
257957.769531 45.2039171193 31.2137826858 2.01863889778 7.27875897329e-05
257972.59961 45.1350750111 31.2097554176 2.01248293222 0.000419921699681
257987.429688 45.1668069204 31.2460008319 2.01326062338 0.000569987430983
258002.242188 45.2318842258 31.1876054421 2.02280588233 -0.000319010300377
258017.076172 45.228657252 31.1352509548 2.02564058377 -0.000772935414217
258031.888671 45.1442181036 31.2611030878 2.0102571159 0.000831975341059
258046.71875 45.2598513322 31.1805577227 2.02582762062 -0.000538368357398
258061.539062 45.1781013287 31.1986804298 2.01714413447 8.04404422158e-05
258076.371094 45.3071802816 31.1996872469 2.02908240659 -0.000629671887136
258091.197265 45.2340355417 31.2762053438 2.01769948743 0.000467846860275
258106.039062 45.3507444283 31.3698393308 2.02294059082 0.000661991189664
258120.871094 45.3781737057 31.2570758196 2.03224754202 -0.000507977776989
258135.708984 45.2555487005 31.2570758196 2.02084512633 0.000175478223763
258150.539062 45.3582740338 31.231905393 2.03190429428 -0.000623996672402
258165.376953 45.3157855452 31.310437124 2.02324895814 0.000321018572067
258180.205078 45.2813644911 31.2157963199 2.02571744522 -0.000340571489657
258195.03125 45.3491309413 31.248014466 2.03008914839 -0.000427779723378
258209.861328 45.3297690984 31.3114439411 2.02448894835 0.00025215932838
258224.695313 45.3878546272 31.2570758196 2.03314799889 -0.000561950783402
258239.546875 45.3356852171 31.2872803315 2.02648670411 1.25513097212e-06
258254.38086 45.3351473881 31.3114439411 2.02498908914 0.000222181099349
258269.195312 45.3109450844 31.2882871486 2.0241258367 0.000148229245963
258284.035156 45.2060684352 31.2540553684 2.01642683695 0.00042391670574
258298.861328 45.1958496848 31.2913075998 2.01324566088 0.000816776694107
258313.683594 45.2146736987 31.2037145152 2.02024156613 -7.79046762162e-05
258328.523438 45.1942361978 31.2711712585 2.01430195232 0.000644171727644
258343.353515 45.1867065923 31.1966667957 2.01806440528 1.43545058349e-05
258358.179688 45.2039171193 31.2107622346 2.01881978157 4.55565493438e-05
258373.017578 45.1469072484 31.2288849418 2.01243667006 0.000526494345075
258387.84961 45.1582016568 31.201700881 2.01511409672 0.000218508161616
258402.681641 45.1786391577 31.2550621854 2.01381740961 0.000585788634904
258417.507812 45.1856309343 31.1815645398 2.01886877336 -0.000115795714966
258432.361328 45.2173628436 31.3366143677 2.01253068247 0.00110557146798
258447.210938 45.2442542921 31.3275530141 2.01557317578 0.000874014095639
258462.027344 45.2657674509 31.4070915622 2.01280666718 0.00147169442193
258476.867188 45.2437164631 31.295334868 2.01745341317 0.00058642516213
258491.697265 45.2706079117 31.4000438427 2.01367906648 0.00138113153314
258506.527344 45.1452937615 31.3114439411 2.00734139239 0.00127997662097
258521.351562 45.1603529727 31.3396348189 2.00705161045 0.00145038235765
258536.191407 45.2130602118 31.2278781247 2.01864451167 0.000148935579061
258551.013671 45.2539352136 31.2600962708 2.02051421718 0.000211704912996
258565.851562 45.1388398139 31.1463259425 2.01663073811 -0.000172814317265
258580.683594 45.137226327 31.2087486005 2.01274310701 0.000398864020397
258595.511718 45.1280832345 31.0718214797 2.02009121055 -0.000784318867619
258610.335938 45.1856309343 31.1241759671 2.02230470728 -0.000633056321324
258625.177734 45.1512098802 31.1886122592 2.01524820309 0.000139456240746
258640.355469 45.1625042886 31.0003374682 2.02756718448 -0.00162001017598
258656.257812 45.1404533008 31.1775372715 2.0149119142 9.95278409434e-05
258671.09375 45.1576638279 31.1090737111 2.02060989823 -0.00061338195799
258685.902344 45.1490585643 31.1805577227 2.01553061026 7.88301129109e-05
258700.718751 45.0172904666 31.2359326612 1.99997464933 0.00131170672921
258715.552734 45.0726868505 31.1503532108 2.01024411859 0.0002318430231
258730.382812 45.0667707318 31.139278223 2.01035766142 0.000164961559736
258746.794921 45.1296967214 31.0688010285 2.02042189232 -0.00082051896189
258761.623047 45.1377641559 31.154380479 2.01604856543 -9.4226657638e-05
258776.449219 45.0140634927 31.1302168695 2.00600514465 0.00037669877463
258791.265625 45.009760861 31.0587328579 2.00988440181 -0.000243501938022
258806.091797 45.0931243514 31.0879305528 2.0158793384 -0.000444501948315
258820.914062 45.1834796184 31.0708146627 2.02529885553 -0.00110192266334
258835.751953 45.1565881699 31.0969919063 2.02123315142 -0.000716265172199
258850.576171 45.2399516603 31.169482735 2.02464091884 -0.000527321332328
258865.410156 45.2415651472 31.1020259917 2.02882933848 -0.00114427546753
258880.240234 45.2808266621 31.170489552 2.02838048121 -0.000746007118026
258895.054688 45.2367246865 31.1201486988 2.02729455813 -0.000953989531898
258909.882812 45.3534335731 31.0738351139 2.04091800897 -0.00202174884494
258924.71875 45.3179368611 31.0093988217 2.04147311989 -0.00240440209775
258939.546874 45.2243546202 31.0587328579 2.02982083016 -0.00143848306901
258954.371094 45.2620026481 31.0879305528 2.03157289689 -0.00138516724397
258969.210938 45.2711457406 31.1936463445 2.0260938553 -0.000483315114809
258984.035157 45.337836533 31.1996872469 2.03193308238 -0.000800540195205
258998.869141 45.4577723934 31.0647737603 2.05116623868 -0.00268516071987
259013.695312 45.4884286447 31.1996872469 2.04594207585 -0.00164023337221
259028.53711 45.5325306203 31.2399599295 2.04763463538 -0.00152315850866
259043.34961 45.4679911438 31.2117690517 2.04331678686 -0.00141732068795
259058.183594 45.5777082538 31.2782189779 2.04954835707 -0.00143023204681
259072.996094 45.5572707529 31.294328051 2.04668081004 -0.00117091759141
259087.835938 45.5841622014 31.1181350647 2.05973546608 -0.00290940559661
259102.66211 45.519084896 31.2419735636 2.04626259834 -0.00142999190533
259117.500001 45.6357937826 31.1211555159 2.06436196647 -0.00317033352089
259132.333984 45.6417099013 31.1755236374 2.06165784212 -0.00271332773918
259147.164062 45.5777082538 31.310437124 2.04761826429 -0.00113966738989
259162.001953 45.6675256919 31.2258644906 2.06104739619 -0.00240360211839
259176.826171 45.5513546342 31.295334868 2.04606979364 -0.00112882864817
259191.666015 45.5212362119 31.2127758687 2.04821147686 -0.00170524336715
259206.496094 45.4921934475 31.200694064 2.04623213002 -0.00165215639382
259221.304688 45.4523941037 31.0788691992 2.04982219741 -0.00252816284898
259236.13086 45.4292674579 31.2449940148 2.03772404628 -0.000901803592876
259250.960938 45.4685289728 31.23291221 2.04210059124 -0.00122969498057
259265.789062 45.3975355487 31.1463259425 2.04068060551 -0.00161435325499
259280.609376 45.3830141665 31.122162333 2.04077647214 -0.00175116800917
259295.429688 45.3496687703 31.1654554667 2.03508320796 -0.00117507555912
259310.267578 45.1049565887 31.0567192238 2.01884653506 -0.000791607304491
259325.09961 45.1071079046 31.2157963199 2.00952288602 0.000630123577976
259340.441407 45.1662690914 31.1181350647 2.0208670879 -0.000579651355319
259356.796874 45.0151391507 30.9731534074 2.01550464274 -0.00104434727545
259371.621094 44.9629697405 31.1080668941 2.00258706086 0.000461438733763
259386.460938 44.9522131611 31.1422986742 1.9995391862 0.000829800433433
259401.304688 44.900043751 30.9369079931 2.00698779043 -0.000730305602335
259416.142578 44.9651210564 30.8734785181 2.01682236132 -0.00166350974078
259431.40625 45.0678463898 31.0396033337 2.01642365558 -0.000739187577004
259447.523438 45.1334615242 31.1050464429 2.01860221461 -0.000514884509053
259462.351562 45.1452937615 31.059739675 2.02241335198 -0.000989022473473
259477.191406 45.2109088959 31.1835781739 2.02109745218 -0.000238457188432
259492.015624 45.1097970495 31.2278781247 2.00904914211 0.0007240779948
259506.835938 45.0522493496 31.1090737111 2.01081709465 -2.64054298352e-05
259521.673828 45.0839812589 31.0839032845 2.01527107513 -0.000429883226706
259536.513672 45.0474088889 31.0325556142 2.01494720171 -0.000688902116282
259551.328125 45.0006177685 31.0496715043 2.00957769516 -0.000274252249454
259566.154297 45.0038447423 31.200694064 2.00083645779 0.0010688411076
259580.982421 45.0253579011 31.0486646873 2.01193531618 -0.00042102629994
259595.822265 44.9769532938 31.075848748 2.00581377548 9.33038004438e-05
259610.662109 45.0888217196 31.1513600278 2.0116825761 0.000151084055594
259625.49414 45.0662329029 30.9751670416 2.02012932448 -0.00131063371809
259640.335938 44.8978924351 31.0526919555 1.99986057545 0.00032456567061
259655.433594 44.7962427597 31.0033579194 1.99338052297 0.000445498396103
259672.046875 44.6730799255 30.9771806757 1.98352401213 0.000894388438139
259686.863281 44.6413480162 31.0808828333 1.97437649582 0.00200494065912
259701.703124 44.6671638068 30.8392467379 1.99122529595 -0.000314696278956
259716.527344 44.6252131471 30.9932897487 1.97812251661 0.00130547616
259731.367188 44.6569450564 31.1010191746 1.97461721134 0.00209971619499
259746.195312 44.5569088678 30.9177784689 1.97630892344 0.00100490032038
259761.023438 44.663399004 30.9419420784 1.98473449443 0.000630831212169
259775.863281 44.5386226828 31.0436306019 1.96708489199 0.00223999342076
259790.69336 44.5622871575 30.9580511515 1.97439833731 0.00133768755371
259805.525391 44.4687049167 30.9640920539 1.96536615792 0.00191181589696
259820.351562 44.4783858382 30.7415854826 1.97956797231 -0.000144932304353
259835.197266 44.390719716 30.9087171153 1.96145561717 0.00184609614887
259850.048828 44.4073924141 30.8644171645 1.96564894798 0.00135470716214
259864.880859 44.2546489864 30.8372331037 1.95313371769 0.00195758809184
259879.705078 44.2309845117 30.8442808232 1.95052235818 0.00215229311984
259894.531251 44.2433545781 30.8332058355 1.95232927964 0.00198398842776
259909.371094 44.4541835345 30.8422671891 1.97130719272 0.000895549838892
259924.195312 44.5230256427 31.0083920047 1.96774832091 0.00200917303309
259939.015625 44.5940190668 30.9550307003 1.97751994392 0.00113420842281
259953.835938 44.463326627 31.0204738095 1.9614945685 0.00244952161835
259968.66211 44.6166078836 30.9701329562 1.97871026078 0.00114472012347
259983.496094 44.5778841977 31.0174533583 1.97228979411 0.00178608469982
259999.148438 44.4235272832 30.9308670907 1.96316905974 0.00186343111472
260014.816406 44.4886045886 30.9026762129 1.97088330834 0.00124826860779
260029.638671 44.518185182 30.9298602737 1.97199799777 0.00132877176763
260044.46875 44.5396983408 30.8855603228 1.97664097291 0.000810409981152
260059.302734 44.5682032762 30.9147580177 1.97753627681 0.000914964700485
260074.458984 44.536471367 31.0627601262 1.9657407121 0.00242429027097
260090.707031 44.5031259708 30.9278466395 1.97072317346 0.00139427124069
260106.964844 44.5144203792 31.0839032845 1.96243205623 0.00273726534418
260122.521485 44.5160338661 30.9469761638 1.97077483828 0.00149485131861
260139.554688 44.6978200581 31.0265147118 1.98286620273 0.00120126674494
260154.400391 44.8618578941 31.1000123575 1.99368416819 0.000951390404751
260169.216797 44.8306638138 30.9288534566 2.00103120482 -0.000416922944027
260184.056641 44.8016210494 31.0345692484 1.99201185932 0.000696750420247
260198.882812 44.826899011 31.1493463937 1.98748698076 0.00159043474588
260213.707031 44.9376917789 30.9882556634 2.00741051695 -0.000477323757577
260228.521484 45.1044187598 31.0506783214 2.01915809842 -0.000843038330998
260243.335938 45.2921210705 31.2057281493 2.02732046462 -0.000491285259587
260258.148438 45.4190487075 31.1463259425 2.04268184692 -0.00173430682297
260272.992188 45.7046358908 31.3688325137 2.0559389342 -0.00132138222476
260287.816407 45.6971062852 31.2923144168 2.05982225154 -0.00196953975329
260302.646485 45.6363316116 31.3184916605 2.05259393218 -0.00139418420141
260317.460938 45.5024121979 31.2611030878 2.04356513913 -0.00116449356335
260332.294921 45.5051013428 31.3275530141 2.03983458473 -0.000580204553241
260347.140625 45.5174714091 31.1815645398 2.04973009943 -0.00196561062031
260361.984375 45.573943451 31.2077417834 2.05341904387 -0.00204469741638
260376.812501 45.6546177966 31.2852666974 2.05628726432 -0.00179590727621
260391.650391 45.6847362189 31.404071111 2.05197355574 -0.00089235467713
260406.476562 45.6949549693 31.2983553192 2.05925997571 -0.00190304784304
260421.300781 45.7175437861 31.200694064 2.0672135736 -0.00290977529806
260436.140624 45.6755931264 31.3617847943 2.05365618411 -0.00122282062669
260450.964844 45.5803973986 31.3919893062 2.04298189425 -0.000419005268833
260466.197266 45.5094039745 31.2903007827 2.04246681694 -0.000940191895793
260482.226562 45.4271161421 31.1735100032 2.04180476622 -0.00153426694693
260497.09375 45.3991490356 31.201700881 2.03751502249 -0.00112419390798
260511.935547 45.1646556045 31.1614281985 2.0181252798 -0.000180471915639
260526.757812 44.9156407911 31.1251827841 1.99716894497 0.000879031670221
260541.591797 44.7795700616 31.0788691992 1.98731500708 0.00121849185132
260556.404297 44.6209105153 30.9802011269 1.97850675575 0.0012114935418
260571.238281 44.608540449 30.9882556634 1.97687821497 0.00135276958237
260586.070312 44.5332443931 30.9429488955 1.97261043953 0.0013629987553
260601.78711 44.6058513042 30.982214761 1.9769903751 0.00131330011962
260617.492188 44.5488414333 30.9550307003 1.97333300091 0.00138517202637
260632.333984 44.7381572309 30.8926080423 1.99461765789 -0.000228915972879
260648.226563 44.7209467038 31.0657805774 1.98266098827 0.00142647478587
260664.13086 44.8021588784 31.0104056388 1.99350767182 0.000476085024465
260678.962891 44.6418858452 30.998323834 1.97936692668 0.00125817681554
260693.777344 44.8338907876 31.1010191746 1.99102878966 0.00111601309309
260708.615234 44.8753036184 31.0345692484 1.9988486951 0.000286953359075
260723.435547 44.917792107 31.0617533091 2.00116529366 0.000295496212727
260738.269531 44.8048480232 31.1372645889 1.98616445194 0.00160416979748
260753.091797 44.8978924351 30.9449625296 2.00630631372 -0.000645804120355
260767.919921 44.8225963793 30.9802011269 1.99721098943 9.03696409185e-05
260782.748047 44.7612838766 31.0305419801 1.98851101357 0.000884754215043
260797.582031 44.6015486724 30.9902692975 1.97610966242 0.00140975202734
260812.41211 44.5526062361 30.9298602737 1.9751875377 0.00113759208567
260827.248047 44.5649763024 30.918785286 1.97699633674 0.000969153294112
260842.070312 44.5149582081 30.8603898962 1.97585379143 0.000721213305187
260856.914062 44.2799269481 30.8120626771 1.95697815561 0.00159080175752
260871.738281 44.1858068782 30.8241444819 1.94754615248 0.00222159938497
260887.117187 44.1481588503 30.7435991168 1.9488782037 0.0017055039515
260903.566407 44.1659072063 30.7395718485 1.95076074606 0.00157085638221
260918.398438 44.0922246374 30.6902378124 1.94689373973 0.00153551555466
260933.226562 44.0330634506 30.7355445803 1.93871566148 0.00227102528188
260948.59961 44.1610667456 30.7123877878 1.95193759156 0.00135311718207
260965.039062 44.1131999672 30.7738036287 1.94383925924 0.00217111370172
260979.867188 44.207857866 30.7123877878 1.95626660733 0.00109363779718
260994.677734 44.2406654332 30.7063468854 1.95966343583 0.000857324588173
261009.501954 44.298750962 30.7899127017 1.96004471781 0.0012870151611
261024.333985 44.3788874786 30.7878990676 1.967584246 0.000824192461026
261039.164062 44.4783858382 30.7415854826 1.97956797231 -0.000144932304353
261053.984374 44.3783496497 30.841260372 1.96434416409 0.00130745636106
261068.816406 44.4321325467 30.9016693959 1.96571243319 0.00155275282105
261083.636719 44.4068545851 30.7295036779 1.97366453491 0.000143492592272
261098.476562 44.3487690563 30.8241444819 1.96262862425 0.00131756237037
261113.304688 44.4052410982 30.8201172137 1.96809855846 0.000967880669989
261128.140625 44.3385503058 30.7909195188 1.96366887944 0.00107523774758
261142.972657 44.3482312273 30.7878990676 1.96474573402 0.00099433167504
261157.808594 44.3934088608 30.8130694942 1.96742417936 0.000970125304015
261172.642578 44.4181489935 30.7063468854 1.9760944301 -0.000127542298078
261187.466797 44.4391243233 30.8332058355 1.97045411855 0.00089759320618
261202.292968 44.4278299149 30.8019945065 1.97127406208 0.000679374232063
261217.128906 44.444502613 30.8332058355 1.97095227657 0.000867733824156
261231.951171 44.4380486654 30.7566877386 1.9749288528 0.00021492005529
261246.78711 44.4724697195 30.7506468362 1.97847832642 -3.05487176032e-05
261261.615234 44.298750962 30.7516536533 1.96233166811 0.000942727602567
261276.441406 44.281002606 30.7637354581 1.95996670252 0.00114991338449
261291.730469 44.4676292587 30.8311922014 1.97321488877 0.000721205266851
261307.972656 44.3455420825 30.8986489447 1.9578746266 0.00200618018343
261322.777344 44.3433907666 30.7848786164 1.96447814384 0.000994011263468
261337.59961 44.354147346 30.9248261883 1.95710567181 0.0021941292954
261352.423828 44.3998628085 30.9137512006 1.96200121851 0.00184067341557
261367.253906 44.4547213635 30.7295036779 1.9780979237 -0.000122242867306
261382.076172 44.3917953739 30.7446059338 1.97136734041 0.000362966806024
261396.898438 44.3068183966 30.856362628 1.95681854835 0.00184035830643
261411.734375 44.281002606 30.747626385 1.96092956795 0.00100495938753
261426.560547 44.2374384594 30.7083605195 1.95924447676 0.000893339638972
261441.394531 44.2412032622 30.6630537516 1.96230013757 0.000464893430036
261456.22461 44.1782772726 30.6751355564 1.95575581652 0.000922563706532
261471.060547 44.1287970074 30.7083605195 1.94919325869 0.0014958054233
261487.300781 44.189571681 30.6711082881 1.95704138187 0.000823704950459
261502.125001 44.1336374681 30.6962787147 1.95036296934 0.00136027791791
261516.949218 44.0744762813 30.6469446786 1.94783919278 0.00124447296729
261534.529296 44.2557246444 30.6942650806 1.96177905852 0.000665100065783
261550.716797 44.098140756 30.716415056 1.94587655666 0.00173821935005
261565.552734 44.0906111505 30.6046583619 1.95185742591 0.000774740834273
261580.382812 44.0599548991 30.6912446294 1.94384948676 0.00172343782756
261595.210938 44.2223792482 30.6449310445 1.9616409746 0.000406299957238
261610.041015 44.1110486513 30.7305104949 1.94622795061 0.00179348184435
261624.878906 44.1002920719 30.6680878369 1.94896334423 0.00129154748821
261639.708984 44.2234549062 30.7395718485 1.95608517979 0.00125171206351
261654.546875 44.1664450353 30.6288219714 1.95742821597 0.000571614153787
261669.367188 44.2282953669 30.6640605687 1.96104550342 0.000545546081916
261684.207031 44.1949499707 30.6721151052 1.95747882927 0.00080293513015
261699.025391 44.1417049026 30.7133946048 1.9500863698 0.00146953017251
261713.851562 44.1696720091 30.7214491414 1.95219214108 0.00138692425114
261729.146485 44.1040568747 30.5966038254 1.95358203398 0.000627776785363
261745.365234 44.0491983197 30.6992991659 1.94237357437 0.00185551246684
261760.19336 44.1218052307 30.7295036779 1.94728299831 0.0017247908006
261775.023438 44.11696477 30.6560060322 1.95122721266 0.00109044767473
261789.865234 44.1158891121 30.8110558601 1.94186100626 0.00249146353759
261804.703125 44.0879220056 30.6952718977 1.94619502027 0.00160465188672
261819.519531 44.1659072063 30.8120626771 1.9464274855 0.00222320448643
261834.343751 44.2836917508 30.7174218731 1.96298366758 0.00071827794539
261849.167968 44.1933364838 30.6167401667 1.96063785212 0.000313836189749
261864.003906 44.2691703686 30.6992991659 1.96272263893 0.000635798094995
261878.826171 44.190647339 30.7254764096 1.9538920134 0.00130684173301
261893.666015 44.1508479951 30.6982923489 1.95183462347 0.00128296994842
261908.490234 44.1949499707 30.6952718977 1.95609512813 0.00101124358521
261923.322265 44.1815042465 30.7063468854 1.95418931965 0.00118544081014
261938.148438 44.1755881278 30.8281717502 1.94635996352 0.00231451556582
261952.986328 44.0803924 30.7738036287 1.94080515494 0.00235297663761
261967.812501 44.1454697054 30.5573379599 1.95975767107 4.51229137447e-05
261982.650391 44.1287970074 30.7697763604 1.94552259007 0.00204840402369
