Time		Tb_f1		Tb_f2		Q		W
249005.15625 17.7492783222 39.2301321235 2.10977495377 0.000294772245945
249019.976563 17.7805972884 39.4211798494 2.12960318436 -0.00061798308675
249034.808594 17.7422062976 39.3370773179 2.12478881071 -0.000734319843263
249049.640625 17.7593812145 39.3744562208 2.126910283 -0.000680233804726
249066.4375 17.7341239837 39.3194261693 2.12378274676 -0.000759278147371
249081.25 17.8109059654 39.3734179179 2.11857187812 0.000413854702795
249096.046875 17.8189882792 39.4024903979 2.12106200948 0.000344791202331
249110.867187 17.83111175 39.3080048379 2.10685760346 0.0013780769872
249125.691407 17.7523091899 39.3827626436 2.12911525498 -0.000897599245856
249140.523438 17.7967619161 39.357843375 2.11880073605 0.000244059622589
249155.351563 17.6644140267 39.4035287008 2.14580321131 -0.00291981622629
249170.179688 17.7159387776 39.350575255 2.13072338404 -0.00139872128238
249185.015625 17.7543297684 39.4471374208 2.13715817312 -0.00138511817877
249199.832031 17.7997927838 39.3713413122 2.12007163097 0.000196796042202
249214.660156 17.7472577438 39.4388309979 2.13720455917 -0.00146568729099
249230.9375 17.6623934483 39.3692647065 2.14167319823 -0.00268025954266
249245.773438 17.6866403898 39.2508981807 2.12244139586 -0.00119541649192
249260.597657 17.6755272083 39.2425917578 2.12313153807 -0.00136110787708
249275.410157 17.6735066298 39.1584892264 2.11253537046 -0.000711776448187
249290.242187 17.6714860514 39.277894055 2.12835860774 -0.00173670590955
249305.0625 17.7028050175 39.2841238721 2.12418310441 -0.00112839341959
249319.898438 17.6684551837 39.1584892264 2.11333927158 -0.000818153643965
249334.730469 17.6805786544 39.176140375 2.11370092659 -0.000708033791363
249349.546875 17.6896712575 39.1314933521 2.10645916754 -0.000149322838443
249364.382812 17.6987638606 39.197944735 2.11363702446 -0.000504413933257
249382.21875 17.6876506791 39.2727025407 2.12511188296 -0.00135356454282
249397.03125 17.6583522913 39.3557667693 2.14056282793 -0.00265423648438
249411.871093 17.678558076 39.1917149178 2.11604415425 -0.000878703327736
249426.695312 17.7108873314 39.3225410779 2.1278860223 -0.00127435227163
249441.53125 17.7886796023 39.256089695 2.10687237466 0.000911254250902
249456.363282 17.7381651407 39.2249406093 2.11087003481 0.000103388525055
249471.203125 17.7603915038 39.299698415 2.11703902774 -4.35783456194e-05
249486.035156 17.8220191469 39.3152729579 2.10924948537 0.00112665821635
249500.859375 17.7432165868 39.2685493293 2.11572809519 -0.000149030989444
249515.671875 17.774535553 39.3080048379 2.11586601984 0.000186027310088
249531.921875 17.7108873314 39.3827626436 2.13570883385 -0.00177010260617
249546.753907 17.7088667529 39.3318858036 2.12942138266 -0.00139382799255
249563.613282 17.7997927838 39.2425917578 2.10335032408 0.00125646537389
249578.433593 17.6815889437 39.2789323579 2.12688560245 -0.00153249147445
249593.261719 17.7735252638 39.357843375 2.12250036105 -0.000245497764459
249608.082031 17.7270519591 39.2830855693 2.12018886889 -0.000609148762153
249622.921875 17.7512989007 39.3152729579 2.12050928158 -0.000363308041883
249637.742187 17.7512989007 39.2882770836 2.1170032804 -0.000141124336206
249652.578125 17.7704943961 39.1699105578 2.09857975676 0.00123713571357
249667.40625 17.774535553 39.3090431407 2.11600087 0.000177481531974
249682.246093 17.7209902237 39.2041745521 2.11090803499 -8.7532552153e-05
249697.070313 17.7725149746 39.285162175 2.11322116213 0.00033145642037
249711.894532 17.7038153068 39.176140375 2.11000266936 -0.00021865739591
249726.714843 17.7270519591 39.2114426721 2.11088668767 -1.96472221483e-05
249742.941406 17.6775477867 39.1667956492 2.11297035477 -0.000694996003359
249757.765625 17.691691836 39.2322087293 2.11921084092 -0.000935252412951
249772.582031 17.7088667529 39.2913919921 2.12416215513 -0.0010605381274
249787.414062 17.6189510113 39.2031362492 2.12701198398 -0.00222780142207
249802.242187 17.6836095221 39.3952222779 2.14166912226 -0.00244718474401
249817.070312 17.678558076 39.2104043693 2.1184703225 -0.00103245543011
249831.890625 17.6553214236 39.2228640035 2.12378576331 -0.00162429101219
249846.71875 17.7331136945 39.2394768493 2.11356141817 -0.000122617207446
249861.554687 17.6866403898 39.1740637692 2.11246665298 -0.000563293106193
249876.382813 17.6068275405 39.2467449693 2.13460254838 -0.00284183989467
249891.195312 17.7341239837 39.1159188092 2.09736255938 0.000915032508473
249906.027343 17.6876506791 39.0961910549 2.10219972627 9.8433793209e-05
249920.855469 17.748268033 39.0536206377 2.08702786861 0.00172521976059
249935.6875 17.7108873314 39.1335699578 2.10335188326 0.000280434976589
249950.523438 17.6815889437 39.1522594092 2.11044053299 -0.000490327971107
249965.355469 17.7058358852 39.0027437977 2.08718253789 0.00124968488739
249980.1875 17.6866403898 38.9508286548 2.08350488082 0.00127208387442
249995.015625 17.5815703097 39.0401227006 2.11180490881 -0.00167417443596
250009.847657 17.7442268761 39.0920378435 2.09265552561 0.00132422271418
250024.675781 17.552271922 39.0380460949 2.11619622193 -0.00227383538379
250039.507812 17.5906629128 38.9913224663 2.1040284831 -0.00108161965345
250054.34375 17.6149098544 39.0650419692 2.1097334991 -0.00117715849554
250069.160156 17.6361259282 39.1044974778 2.11147704603 -0.00105487871414
250083.980469 17.6533008452 38.9601733806 2.09002239671 0.000493203176129
250098.808593 17.6805786544 39.0131268263 2.09254913879 0.000632405744675
250113.628907 17.5431793189 38.9186412663 2.10215701691 -0.00148386608849
250128.46875 17.6138995651 38.9165646605 2.09063729525 2.19298375791e-05
250143.289063 17.6906815468 38.9757479234 2.08609326349 0.00115240061606
250158.132812 17.691691836 39.000667192 2.08916436909 0.00096886458829
250174.730468 17.748268033 39.1096889921 2.09430259505 0.00126420289421
250189.5625 17.5583336574 39.000667192 2.11038347977 -0.00183898009452
250204.378907 17.621981879 39.022471552 2.10308577913 -0.00067828787111
250219.214844 17.621981879 39.1221486264 2.11601810088 -0.00149784012498
250235.011719 17.6533008452 39.1325316549 2.11238201392 -0.000923779406977
250250.824219 17.6128892759 38.9902841634 2.10035762751 -0.000605154809175
250265.644531 17.678558076 39.0775016035 2.10122185453 6.06213641448e-05
250280.480469 17.7169490668 39.1335699578 2.10238703714 0.000408109414874
250295.304688 17.6240024574 39.0401227006 2.10505397041 -0.000780848284155
250310.132812 17.5714674174 39.1283784435 2.12486319482 -0.00261253181732
250324.964843 17.6987638606 38.9923607691 2.0869614605 0.00118608054926
250339.816407 17.5846011774 39.1076123863 2.12007905543 -0.00216527934758
250354.632812 17.648249399 39.0089736149 2.09715526834 -1.42516096993e-05
250369.464843 17.6068275405 38.9227944777 2.09257021968 -0.000178150390111
250384.285157 17.5290352696 38.9850926491 2.1130237691 -0.0023276447783
250399.105468 17.552271922 38.9684798034 2.10717324753 -0.00170202784999
250413.910157 17.6573420021 38.8906070891 2.08035939412 0.00114991371255
250428.726562 17.6078378297 39.0463525177 2.10843405873 -0.001172396323
250443.5625 17.5714674174 38.9591350777 2.10290791484 -0.00122117305459
250458.378907 17.6664346052 38.920717872 2.08281623505 0.00109399189628
250473.21875 17.5906629128 39.0380460949 2.11008899058 -0.00146568855204
250488.046875 17.5795497312 39.080616512 2.1173798366 -0.00204963583426
250502.882813 17.6724963406 38.9103348434 2.08050536024 0.00130695563954
250517.707031 17.5724777066 38.9477137463 2.10126613486 -0.00110604747149
250534.035157 17.6502699775 38.8854155748 2.08081175962 0.00104364665151
250548.867187 17.6371362175 38.9830160434 2.09555697672 -3.49008334738e-05
250563.695313 17.6108686974 39.0909995406 2.11374434712 -0.00147567095591
250578.511719 17.5886423343 38.9892458606 2.10408061224 -0.00110708885378
250593.332031 17.5815703097 38.8376536434 2.0855513567 -1.04238566731e-05
250608.164062 17.578539442 38.8760708491 2.09101319124 -0.00038980062264
250622.992187 17.5512616327 38.9601733806 2.10625676377 -0.00165502923179
250637.8125 17.621981879 38.7784703805 2.07145216219 0.00132641032369
250652.65625 17.6149098544 38.986130952 2.09949749026 -0.000528478059457
250667.480469 17.7078564637 38.9435605348 2.07918567417 0.00177864131009
250682.316407 17.552271922 38.8968369062 2.09788378106 -0.00111333207411
250697.148438 17.6724963406 38.8303855234 2.07014165924 0.00196372823428
250711.980469 17.4603356019 38.8978752091 2.11263981442 -0.00305666034881
250726.800781 17.5078191958 38.9591350777 2.11303178069 -0.00256082594136
250741.648438 17.5462101866 38.8376536434 2.09117626876 -0.000754747200173
250756.480469 17.5734879958 38.7691256548 2.07795653158 0.000382220099128
250771.308593 17.565405682 38.8013130433 2.08341311081 -5.22319007527e-05
250786.140625 17.5643953928 38.708904089 2.07160099349 0.000685248576223
250800.972657 17.5371175835 38.7442063862 2.08051330786 -0.000178736191036
250815.789062 17.6098584082 38.920717872 2.091818752 -9.72771322522e-05
250830.621093 17.5179220881 38.7639341405 2.08612237589 -0.000744717970496
250845.425781 17.5098397742 38.9529052606 2.1119025658 -0.00246710635426
250860.265625 17.5856114666 38.7462829919 2.07306826103 0.000824990097512
250875.089843 17.4714487834 38.745244689 2.09109161837 -0.001569248347
250889.921875 17.5047883281 38.8044279519 2.09345837578 -0.00135364977839
250904.75 17.5856114666 38.935254112 2.09756113461 -0.000727182059444
250919.589843 17.4926648573 38.716172209 2.08395143483 -0.000884117969148
250934.414063 17.5583336574 38.7660107462 2.07996362718 8.87989412424e-05
250949.25 17.5108500635 38.6933295461 2.07810040832 -0.000313903211599
250964.078125 17.5613645251 38.7130573004 2.0726211285 0.000587355234651
250978.914063 17.5118603527 38.7140956033 2.08062965342 -0.000463108164429
250993.742187 17.5138809312 38.8386919462 2.09645292832 -0.001443708168
251010.210938 17.5643953928 38.8293472205 2.08720697982 -0.000303740216247
251025.027344 17.5118603527 38.7836618948 2.08964266346 -0.00103428423265
251040.78125 17.5260044019 38.6746400947 2.07326944366 0.000158441929722
251056.550782 17.5431793189 38.6767167004 2.07080662132 0.000502883689869
251071.371093 17.5573233681 38.6351845861 2.06317804689 0.0011414600094
251086.199219 17.5037780388 38.6248015575 2.0703501106 9.96973571805e-05
251101.039063 17.5573233681 38.6403761004 2.06385033532 0.00109885547818
251115.859375 17.5987452266 38.6299930718 2.05591622036 0.00205603424391
251130.695312 17.6765374975 38.5656182947 2.03520285339 0.00422223044503
251145.523437 17.5199426665 38.650759129 2.07114069622 0.000226866432124
251160.351562 17.621981879 38.7182488147 2.06364987259 0.00182086013312
251175.175782 17.539138162 38.6964444547 2.07400464746 0.000255894344155
251190.003907 17.5553027897 38.6891763347 2.07049200088 0.000655794484819
251204.828125 17.4734693619 38.6891763347 2.08350709312 -0.001066443459
251219.664063 17.5249941127 38.7130573004 2.078406276 -0.000178171458383
251234.484375 17.4775105188 38.621686649 2.07412405267 -0.000427506486047
251249.332031 17.5967246482 38.6029971975 2.05274211012 0.00223501886084
251264.140625 17.5381278727 38.7483595976 2.08089069695 -0.000191571709668
251278.964843 17.4502327095 38.737976569 2.09352355547 -0.00195598623827
251293.796875 17.5694468389 38.7317467519 2.07375655395 0.000604054659083
251308.628907 17.4482121311 38.7691256548 2.09788059052 -0.00225425528451
251323.457031 17.4896339896 38.6985210604 2.08214695988 -0.000802999523446
251338.289062 17.5138809312 38.6559506433 2.07277712067 5.66845608609e-05
251353.136719 17.4290166357 38.7358999633 2.09662780508 -0.00238531057544
251367.964843 17.5300455589 38.6455676147 2.06886150824 0.000482103814944
251382.800781 17.491654568 38.7691256548 2.09097256465 -0.00134014234114
251397.625 17.5320661373 38.7005976661 2.07566747591 7.29538048974e-05
251412.453125 17.5108500635 38.6912529404 2.07783142933 -0.000296857367283
251427.277343 17.4179034541 38.7047508776 2.09435947224 -0.00236339146169
251442.074219 17.482561965 38.6985210604 2.08327159447 -0.000951818166948
251456.90625 17.4674076265 38.6590655518 2.08057111773 -0.000946849105319
251471.730469 17.5310558481 38.7192871176 2.07824916347 -0.000101734195864
251486.554688 17.5583336574 38.6393377975 2.06355516853 0.00112864232993
251501.375 17.4633664695 38.7037125747 2.08699648801 -0.00139834964477
251516.207031 17.5209529558 38.7078657862 2.07837651801 -0.000220605176373
251531.042969 17.5098397742 38.745244689 2.08498634882 -0.000761361111978
251545.871093 17.4482121311 38.9259093863 2.1182021963 -0.00354208419381
251560.703125 17.5684365497 38.8189641919 2.08521846115 -0.000133395810247
251575.53125 17.5512616327 38.6123419232 2.0611843915 0.00120131512726
251590.355469 17.5664159712 38.8553047919 2.09024998262 -0.000474419089108
251605.179688 17.6280436144 38.8615346091 2.08125278411 0.000771827705447
251620.925782 17.4896339896 38.7577043233 2.08981405334 -0.00128888162914
251636.679687 17.4280063464 38.8625729119 2.11320376891 -0.00344684489881
251651.503907 17.5148912204 38.7327850547 2.0825687532 -0.000552755172386
251666.335938 17.495695725 38.8085811633 2.09544264062 -0.00157910738698
251681.164063 17.5270146912 38.8646495177 2.09772860087 -0.00138051349633
251695.996093 17.5623748143 38.8604963062 2.09156576218 -0.000602130047545
251710.828125 17.6058172513 38.8490749748 2.08317417221 0.000406216119144
251725.652343 17.552271922 38.9529052606 2.10515355232 -0.00157403491897
251740.488281 17.5583336574 38.767049049 2.08009816003 8.02732720656e-05
251755.320312 17.5835908882 38.788853409 2.0789055826 0.000432899819798
251770.152343 17.4623561803 38.7919683176 2.09859149949 -0.00214423058014
251784.972657 17.5239838235 38.7483595976 2.08314036811 -0.000489262187471
251799.8125 17.5007471711 38.6372611918 2.07244557283 -6.63340398227e-05
251814.640625 17.565405682 38.7421297805 2.07574456572 0.000433742198407
251829.476563 17.591673202 38.5272010889 2.04373344904 0.0027505041948
251846.066407 17.5694468389 38.6549123404 2.06380428613 0.00123475374679
251862.722657 17.425985768 38.6829465176 2.09025020462 -0.0020143737901
251877.523438 17.552271922 38.5490054489 2.05282380032 0.00174222700347
251892.34375 17.6179407221 38.6632187633 2.05716496774 0.00218748746487
251909.191407 17.5270146912 38.8335004319 2.09369116859 -0.00112465172694
251924.007812 17.5825805989 38.7732788662 2.07704818659 0.000539524924534
251938.828125 17.5643953928 38.6881380319 2.06891113079 0.000855711628519
251953.671875 17.5623748143 38.6829465176 2.06856012589 0.000855792314106
251968.492187 17.5674262605 38.6227249518 2.05995750837 0.00145636949967
251983.34375 17.4482121311 38.5427756318 2.06856650101 -0.000396551107385
251998.171875 17.5532822112 38.7847001976 2.08318884424 -0.000170997473887
252013.003907 17.5098397742 38.6528357347 2.07301643267 -2.79881037566e-06
252027.832031 17.565405682 38.6029971975 2.05772451528 0.00157571602527
252042.691406 17.5027677496 38.4347921346 2.04591654906 0.00163703174763
252057.511719 17.4876134111 38.4773625518 2.05383498965 0.000969041199097
252072.351563 17.5502513435 38.6538740376 2.06672329337 0.000839220515669
252087.171875 17.5603542358 38.5988439861 2.05799032617 0.00150346272087
252102.015625 17.4593253126 38.6113036204 2.07567131431 -0.000724954917178
252118.699218 17.5563130789 38.6123419232 2.06038086491 0.00130764276267
252133.523438 17.5179220881 38.6019588947 2.06514286414 0.000584804019028
252148.34375 17.3916359341 38.5168180603 2.07420134428 -0.00137386433975
252164.246093 17.4461915526 38.5053967289 2.06404968552 -0.000132462778398
252180.152343 17.4562944449 38.417140986 2.05102313031 0.000803828576359
252194.960937 17.4209343218 38.5801545347 2.07774236362 -0.00127709943572
252209.796875 17.4573047342 38.5645799918 2.06994331521 -0.000384111955824
252224.625 17.495695725 38.5344692089 2.05994060855 0.000670741554953
252239.460937 17.5017574604 38.6549123404 2.07457076415 -0.000189933580427
252254.292969 17.5492410543 38.5002052146 2.04698950097 0.00207871721403
252269.125 17.595714359 38.643491009 2.05814636166 0.00188145536085
252283.957031 17.4866031219 38.5490054489 2.06326821982 0.000360156463572
252298.789063 17.352234654 38.5791162318 2.08852864255 -0.00271367597391
252313.621093 17.4613458911 38.4742476432 2.05760892122 0.000441856524616
252328.4375 17.5027677496 38.482554066 2.05209679965 0.00124537444151
252343.257813 17.4189137433 38.4773625518 2.06475858602 -0.000476437004441
252358.09375 17.4583150234 38.5012435175 2.06158448265 0.000156684335758
252372.925781 17.4350783711 38.4296006203 2.05600848484 0.000255288504443
252387.761719 17.5007471711 38.5874226547 2.0659923161 0.000342624320632
252402.589843 17.4926648573 38.6019588947 2.06915972271 5.32683126678e-05
252418.894532 17.5674262605 38.5884609575 2.05552102428 0.00173752013946
252433.710938 17.4502327095 38.3745705688 2.0464799927 0.00102527719136
252448.546875 17.4562944449 38.4908604889 2.06056201954 0.000199326281745
252463.378906 17.4613458911 38.3506896031 2.04162408358 0.00145485403336
252478.203125 17.4492224203 38.4379070432 2.05483431852 0.000484766859062
252493.03125 17.4542738665 38.3475746945 2.04234572327 0.00133158286126
252507.867187 17.421944611 38.4077962603 2.05527568423 0.00015774335307
252524.414062 17.482561965 38.3454980888 2.037578925 0.00194383591413
252539.246093 17.4936751465 38.380800386 2.04037774803 0.00188832967166
252554.058593 17.4300269249 38.5012435175 2.06608227155 -0.00043849106339
252568.855469 17.5068089065 38.4077962603 2.0417812339 0.00194341293937
252583.660157 17.4027491156 38.380800386 2.05483515897 -2.47648510958e-05
252598.5 17.4310372141 38.3579577231 2.04738322943 0.000757587913584
252613.328125 17.395677091 38.3351150603 2.05005044161 0.000200933084042
252628.175782 17.3916359341 38.3818386888 2.0567361259 -0.000267051551771
252643.003907 17.425985768 38.395336626 2.05302135435 0.000344907763265
252657.84375 17.4552841557 38.3486129974 2.04231937007 0.00134432981247
252672.664063 17.395677091 38.3963749289 2.05797409224 -0.000301207665248
252687.507812 17.4573047342 38.5043584261 2.06214826362 0.000109879163773
252702.34375 17.4593253126 38.5147414546 2.06317080409 6.72324037062e-05
252717.179687 17.3845639094 38.3164256088 2.04940008449 0.000120333331662
252732.035157 17.4552841557 38.2956595517 2.03547140702 0.00177830165928
252746.875 17.4370989495 38.3527662088 2.04574799061 0.000927672764794
252761.695313 17.5078191958 38.1928675688 2.01382850867 0.00372592339449
252776.527343 17.4775105188 38.2998127631 2.03247415623 0.00221194736925
252791.359375 17.3926462233 38.4524432832 2.06570990158 -0.000824667115753
252806.179687 17.4370989495 38.4430985575 2.05743364804 0.000187124619647
252821.007812 17.3673889925 38.3340767574 2.05441283025 -0.00038558449963
252835.84375 17.3582963894 38.3683407517 2.06028967422 -0.00085766976385
252850.664063 17.3492037863 38.4046813517 2.06643576659 -0.00134681434552
252865.5 17.5068089065 38.2209017459 2.01761276686 0.0034750266759
252880.328125 17.4451812634 38.2593189516 2.03237912544 0.00186350010566
252896.066407 17.3663787033 38.2530891345 2.0441013566 0.000256805304422
252911.804687 17.4189137433 38.3776854774 2.05186241327 0.000340824400058
252926.632813 17.369409571 38.3340767574 2.05409165631 -0.000343084767516
252941.46875 17.4552841557 38.3963749289 2.04849731227 0.000952818794445
252956.285157 17.5300455589 38.5614650832 2.05797205439 0.001172194629
252973.066407 17.4845825434 38.5012435175 2.05740751162 0.000709407117768
252989.386719 17.465387048 38.5116265461 2.06180376743 0.000220328111977
253004.25 17.3835536202 38.5510820546 2.07992124354 -0.00182493951121
253019.753906 17.4855928327 38.5137031518 2.05885943066 0.000628473745275
253035.257812 17.421944611 38.607150409 2.08107697345 -0.00147734624188
253050.917968 17.4987265927 38.5801545347 2.06537267432 0.000359734776555
253066.582032 17.4845825434 38.5199329689 2.05982641501 0.000556115406998
253081.40625 17.395677091 38.6601038547 2.09211012349 -0.00246448985782
253096.230469 17.4562944449 38.6424527061 2.08018678621 -0.00104434226176
253111.0625 17.548230765 38.6632187633 2.06825492644 0.000719995163275
253125.890625 17.5381278727 38.6196100433 2.06421459989 0.000865232566603
253140.730469 17.491654568 38.8366153405 2.09971857958 -0.00189439828868
253155.550781 17.5613645251 38.7587426262 2.07853978667 0.000212275668048
253171.84375 17.5179220881 38.8002747405 2.09083134391 -0.00104313657057
253186.683593 17.5613645251 38.6891763347 2.06952775155 0.000783389953408
253201.511719 17.5926834913 38.8168875862 2.08109199723 0.000394086310086
253216.34375 17.5330764266 38.6081887118 2.06353918708 0.000852632874661
253231.175781 17.508829485 38.6974827576 2.07895972808 -0.000390518986
253246.707032 17.6260230359 38.7898917119 2.07228913615 0.00131770663405
253262.234375 17.4765002296 38.6601038547 2.07925971066 -0.000764043317026
253278.984375 17.3906256448 38.6393377975 2.09022384419 -0.00240032268136
253293.8125 17.5381278727 38.5801545347 2.05910604781 0.00118897376745
253308.628907 17.4845825434 38.6061121061 2.07098278431 -0.000150890479429
253323.46875 17.4633664695 38.6237632547 2.0766420797 -0.00074216594973
253338.292969 17.5825805989 38.628954769 2.0583534296 0.00172425652339
253353.121094 17.4078005618 38.5323926032 2.07364750848 -0.00116157503495
253367.953125 17.4765002296 38.5157797575 2.06057413228 0.000420106611521
253382.773437 17.5310558481 38.5656182947 2.05834902147 0.00115938554268
253397.609375 17.4552841557 38.5573118718 2.0693237112 -0.000367000067738
253412.4375 17.4623561803 38.5272010889 2.06430154109 2.88063450962e-05
253427.273438 17.4401298172 38.5178563632 2.06662610308 -0.000362194785776
253442.097657 17.5320661373 38.4918987918 2.04864634834 0.00178534748252
253456.933593 17.4906442788 38.351727906 2.03709936089 0.00206285333596
253471.761719 17.4734693619 38.4358304374 2.05071012661 0.00101197898875
253488.195313 17.3926462233 38.6123419232 2.08640692183 -0.00213628694107
253503.015625 17.4239651895 38.4732093403 2.06341803016 -0.000336105672349
253517.84375 17.3633478356 38.4950137003 2.07587594499 -0.00179004537659
253532.675781 17.3875947771 38.3942983231 2.05899027379 -0.00045419838377
253547.507812 17.4017388264 38.3164256088 2.0466698376 0.00048161657877
253562.339843 17.3360700263 38.4628263117 2.07604615406 -0.00209978302583
253577.167969 17.4855928327 38.4379070432 2.04905091305 0.00125006303644
253592.003907 17.3118230847 38.2852765231 2.05693357611 -0.00115428022341
253606.839843 17.3461729186 38.2966978545 2.052951286 -0.000525486982726
253623.640625 17.3279877125 38.3392682717 2.06134661793 -0.0012568100385
253638.480469 17.4047696941 38.3091574888 2.04524813155 0.000604937356203
253653.308593 17.4047696941 38.2769701002 2.04108616853 0.000868690937687
253668.164062 17.3017201924 38.322655426 2.06337252842 -0.00167303582432
253682.984375 17.4866031219 38.4119494717 2.04553191049 0.00148414893538
253697.832032 17.3855741987 38.322655426 2.05004512054 9.05296680772e-05
253712.671875 17.3683992817 38.4192175917 2.06526529542 -0.00106225818979
253727.5 17.3593066786 38.4264857117 2.06765087888 -0.00131309429986
253742.332031 17.3603169679 38.4368687403 2.06883367288 -0.00137697808648
253757.167969 17.4108314295 38.3776854774 2.05314734622 0.000170794081526
253771.984375 17.3411214725 38.3506896031 2.06073642585 -0.00107420995181
253786.828125 17.4037594049 38.3340767574 2.04863130499 0.000379462876708
253801.65625 17.2906070109 38.4690561289 2.08407713234 -0.00310690523464
253816.488281 17.382543331 38.351727906 2.05428682267 -0.000211498492895
253831.316407 17.3764815956 38.395336626 2.06089114222 -0.000696471508304
253846.148438 17.4340680818 38.366264146 2.0479757221 0.000753267953854
253860.984375 17.352234654 38.3496513003 2.05883583153 -0.000831971307257
253875.804687 17.4229549003 38.2530891345 2.03510754796 0.00144692199411
253891.53125 17.4815516757 38.2499742259 2.02538770209 0.00270534486972
253907.261719 17.465387048 38.2634721631 2.02970323101 0.00225461611374
253922.085937 17.4118417187 38.3776854774 2.05298673186 0.000192047572743
253936.910157 17.3461729186 38.2260932602 2.04382307112 5.29898932512e-05
253951.75 17.3886050664 38.2686636774 2.04258188799 0.000596714339383
253966.644531 17.4037594049 38.3122723974 2.04581154282 0.000558157969894
253981.472657 17.3502140756 38.2541274374 2.04680487887 -9.16856336605e-05
253996.304688 17.3411214725 38.2966978545 2.05375414189 -0.000631725866831
254011.140625 17.3966873802 38.3766471746 2.05526157379 -0.000118234556637
254025.960937 17.4451812634 38.4327155289 2.0548051692 0.000442307912614
254040.792968 17.2845452755 38.3839152946 2.07402491362 -0.00253628920355
254055.625 17.3401111832 38.4088345631 2.06841820515 -0.00157209459705
254070.523438 17.3663787033 38.4005281403 2.06316862072 -0.000951532965117
254085.441407 17.4047696941 38.3236937288 2.04712791802 0.000485810777934
254100.273437 17.4118417187 38.3621109346 2.05097220816 0.000319712772374
254115.105468 17.4583150234 38.3984515346 2.04828401733 0.000999566730594
254129.9375 17.3906256448 38.315387306 2.04830221905 0.000256351273211
254144.757813 17.3785021741 38.3288852431 2.0519749456 -0.000109283769194
254159.59375 17.4199240326 38.3984515346 2.0543880369 0.000191844901445
254174.421875 17.4704384942 38.402604746 2.04689351637 0.00122061381016
254189.257813 17.3936565125 38.3320001517 2.04996880777 0.000183957935762
254204.078125 17.2704012262 38.3216171231 2.06821482282 -0.00232305702318
254218.910157 17.3724404387 38.3901451117 2.06086193117 -0.000738913739414
254235.382813 17.3209156878 38.2240166545 2.04756875483 -0.000461171864361
254250.21875 17.3704198602 38.2686636774 2.04547258101 0.000214199863349
254265.9375 17.4168931649 38.424409106 2.0582280375 -8.47310037775e-05
254281.667969 17.4148725864 38.3911834146 2.05425091545 0.000145158414195
254297.457031 17.4340680818 38.337191666 2.04421557397 0.000991557561103
254313.25 17.3279877125 38.176254723 2.04027151169 7.87700032205e-05
254328.09375 17.308792217 38.2375145916 2.05124025699 -0.000826692522683
254342.921875 17.4562944449 38.183522843 2.02081438035 0.00271822953204
254357.746094 17.3300082909 38.2530891345 2.0498820234 -0.000508128475878
254372.605468 17.3603169679 38.2022122945 2.03848813624 0.000546091369339
254387.425781 17.4734693619 38.2946212488 2.03244548104 0.00216945339518
254402.265625 17.339100894 38.2811233117 2.0520614629 -0.000546600419497
254417.09375 17.3997182479 38.205327203 2.03262757032 0.00134935972954
254431.933593 17.3572861002 38.2177868373 2.04098300735 0.000354767414215
254446.75 17.2916173001 38.3236937288 2.06511221502 -0.00189398324115
254461.582031 17.3239465555 38.1648333916 2.03943770924 8.73251903613e-05
254476.4375 17.369409571 38.1419907287 2.0292600541 0.00123055343554
254491.257812 17.365368414 38.1534120602 2.03137829546 0.00105202323799
254506.082031 17.4573047342 38.2686636774 2.03165960712 0.00204201846851
254520.921875 17.3724404387 38.3475746945 2.05535559116 -0.000389963763199
254537.46875 17.4108314295 38.2022122945 2.03045824004 0.00160865717153
254553.417968 17.3815330418 38.2748934945 2.04451153815 0.000396911053245
254569.363281 17.3269774232 38.1170714601 2.03278428183 0.000542182436355
254585.195312 17.2885864324 38.2593189516 2.05726995619 -0.0014302094111
254602.441407 17.3966873802 38.1866377516 2.03069378062 0.00143868543435
254617.273437 17.3764815956 38.110841643 2.02411112487 0.00163436642608
254633.503907 17.3966873802 38.0350455344 2.01110773985 0.00267989982474
254648.335937 17.4229549003 38.0402370487 2.00760233388 0.0031899933954
254663.15625 17.352234654 38.1430290316 2.03212411972 0.000860813951909
254679.347657 17.3976976695 38.2032505973 2.03268037242 0.00132386469742
254694.171875 17.352234654 38.183522843 2.03735719505 0.000529181414058
254709.011719 17.3593066786 38.2302464716 2.04227244695 0.000295197814378
254723.835937 17.3673889925 38.1295310944 2.02797124284 0.00129008232783
254738.671875 17.2916173001 38.1586035745 2.04377017197 -0.000541486773576
254753.5 17.3188951094 38.2468593174 2.05084278083 -0.000690796650002
254768.335937 17.4007285372 38.2790467059 2.04199710028 0.000766664623167
254783.164063 17.4027491156 38.2136336259 2.03321941274 0.00134507684363
254799.132812 17.4431606849 38.1554886659 2.01927968955 0.00267148994576
254815.085938 17.4421503957 38.198059083 2.02494208364 0.00230157409608
254829.921875 17.4078005618 38.147182243 2.02382811231 0.00199559961645
254844.78125 17.3704198602 38.2395911974 2.04171402265 0.000452388722955
254859.648438 17.4007285372 38.2281698659 2.03541963794 0.0011834941912
254874.484375 17.3724404387 38.2001356888 2.03629270123 0.000818097303428
254889.308594 17.3239465555 38.2312847745 2.04802661372 -0.000456974291119
254904.15625 17.3886050664 38.3195405174 2.04916050432 0.000179811640555
254918.984375 17.395677091 38.2520508316 2.03930986761 0.000881589025107
254935.109375 17.4381092387 38.4275240146 2.05525792193 0.000336081732804
254951.691406 17.365368414 38.2987744602 2.05016880588 -0.000138776485776
254966.523438 17.4734693619 38.1430290316 2.01285027985 0.00341124830358
254981.347657 17.3603169679 38.2229783516 2.04117233786 0.000375987073661
254996.179687 17.4401298172 38.2842382202 2.03640416499 0.0015530419329
255011.0 17.452253288 38.4150643803 2.05139704042 0.000735825541913
255025.835938 17.4663973372 38.3496513003 2.04068655402 0.00156965396097
255040.664063 17.3714301494 38.373532266 2.0588735839 -0.000623980643418
255055.496093 17.4472018418 38.3112340945 2.03877046935 0.0014806183245
255070.328125 17.4401298172 38.344459786 2.04419178177 0.0010595219753
255085.148437 17.3744610171 38.3974132317 2.06148095916 -0.000755996414564
255099.984375 17.4330577926 38.3133107002 2.04128786378 0.00116601762748
255114.816407 17.452253288 38.2323230773 2.02776469358 0.00223346405482
255129.648437 17.3289980017 38.3070808831 2.05702355036 -0.000971775545662
255144.46875 17.4290166357 38.2375145916 2.03213036927 0.00170204666051
255159.296875 17.4340680818 38.2780084031 2.03656245026 0.00147655437084
255174.125 17.3886050664 38.2115570202 2.03519945375 0.00106455690772
255188.949219 17.369409571 38.2157102316 2.03878757743 0.000626771425595
255204.617188 17.3047510601 38.2240166545 2.05013757927 -0.000801094688612
255220.277343 17.2501954416 38.1419907287 2.04820490661 -0.00127634726267
255235.078125 17.4472018418 38.2624338602 2.03246056668 0.00188049199441
255249.914063 17.3805227525 38.1887143573 2.03353176953 0.00108165169062
255264.746093 17.3865844879 38.2572423459 2.04142645347 0.00064778913861
255279.578125 17.4037594049 38.2094804145 2.03252196562 0.00140035035849
255294.410157 17.3663787033 38.2177868373 2.03953776236 0.000546011219802
255309.230469 17.4269960572 38.2676253745 2.03634438559 0.00141284292234
255324.054688 17.3734507279 38.2437444088 2.04176916291 0.00048211407318
255338.890625 17.2815144078 38.2395911974 2.0558432942 -0.00141728435538
255353.710937 17.3966873802 38.2593189516 2.04008890884 0.000843293620135
255368.546875 17.365368414 38.4036430489 2.06373216703 -0.0009983192203
255383.375 17.3300082909 38.2915063402 2.05484908077 -0.000822902817131
255398.210937 17.3966873802 38.4223325003 2.0611716013 -0.000492767177917
255413.039062 17.4209343218 38.3133107002 2.04321535605 0.000910959863724
255427.878907 17.4280063464 38.4119494717 2.05484924524 0.000251221258584
255442.695313 17.3300082909 38.2821616145 2.05364080154 -0.000746331263592
255457.53125 17.3835536202 38.1523737573 2.02835348507 0.00144303305409
255472.359375 17.2512057308 38.3174639117 2.07072758252 -0.00269259535674
255487.203125 17.3279877125 38.351727906 2.06295806648 -0.00135893139867
255502.023437 17.3380906048 38.2613955574 2.04967139126 -0.000406207619412
255516.886719 17.452253288 38.2728168888 2.03299979311 0.00190170323825
255531.761719 17.491654568 38.4254474089 2.04647488027 0.00147978266754
255546.574219 17.3865844879 38.4565964946 2.06721090801 -0.000986233602376
255561.414062 17.3047510601 38.3309618488 2.06396510423 -0.00167737811737
255576.253907 17.4300269249 38.3060425802 2.04082987981 0.00116181358199
255591.085937 17.4613458911 38.2385528945 2.02712424332 0.00237374369566
255605.917968 17.4552841557 38.3714556603 2.04527387853 0.001157095524
255620.75 17.3865844879 38.2717785859 2.04330581718 0.000528689352033
255635.570313 17.3077819278 38.2157102316 2.04858222281 -0.000669316961143
255650.410157 17.3481934971 38.2759317974 2.04994508022 -0.000312832206981
255665.238281 17.3815330418 38.3652258431 2.05619325246 -0.000343387206685
255680.074219 17.395677091 38.2593189516 2.04024951353 0.000822041408527
255694.894531 17.3926462233 38.3403065745 2.05120366605 9.46278302025e-05
255709.726562 17.4451812634 38.4233708032 2.0535961503 0.000518926340542
255724.554687 17.3451626294 38.4202558946 2.06909295578 -0.00155949540515
255739.375 17.425985768 38.366264146 2.04926073242 0.000583227396926
255754.203125 17.4441709741 38.2790467059 2.03509037774 0.00168060510233
255769.019531 17.325967134 38.2011739916 2.0438133416 -0.000167826780954
255783.859375 17.3542552325 38.2499742259 2.04562564018 2.73350465935e-05
255798.6875 17.2360513923 38.2998127631 2.07085267284 -0.00286653661722
255813.515625 17.3360700263 38.1845611459 2.04006053253 0.000180712139593
255828.34375 17.3209156878 38.3309618488 2.06139627979 -0.00133745529312
255843.175781 17.3916359341 38.3070808831 2.04706747805 0.000345673857477
255858.011719 17.3663787033 38.2219400488 2.04007461958 0.00051198928971
255872.839843 17.3512243648 38.315387306 2.05456517359 -0.000572401819904
255887.671875 17.312833374 38.2811233117 2.05623602036 -0.00109900382377
255902.507813 17.4300269249 38.2852765231 2.03814471217 0.00133197909654
255917.335937 17.365368414 38.1783313288 2.0345986857 0.000847939382636
255932.175781 17.3148539524 38.2738551917 2.05497518133 -0.000996960058586
255947.0 17.2582777554 38.2011739916 2.05456940923 -0.00159113654025
255961.839843 17.2623189124 38.2562040431 2.06104096725 -0.00195698136995
255976.660157 17.2966687463 38.3236937288 2.06430951697 -0.00178776524324
255992.28125 17.3269774232 38.2790467059 2.0537197372 -0.000784547595001
256007.902343 17.3704198602 38.2676253745 2.04533833863 0.000222707124889
256022.730469 17.2663600693 38.3506896031 2.07261680992 -0.0026462962534
256037.5625 17.3492037863 38.3174639117 2.05515486525 -0.000631916564643
256052.390625 17.2653497801 38.2125953231 2.0549220506 -0.00153600548156
256067.21875 17.3118230847 38.2780084031 2.05599382451 -0.00109472591017
256082.058593 17.295658457 38.2312847745 2.05252200237 -0.00105183207343
256096.878907 17.3704198602 38.2125953231 2.03822435654 0.00067353723603
256111.710938 17.2885864324 38.1959824773 2.04908260735 -0.000911357473784
256126.542969 17.3623375463 38.2343996831 2.04232758674 0.000324921727519
256141.371093 17.3926462233 38.2136336259 2.03482546933 0.00113255344799
256156.207031 17.3633478356 38.1295310944 2.02861358297 0.00120508388699
256171.03125 17.3906256448 38.2416678031 2.03877058139 0.000860394018103
256185.867187 17.3774918848 38.2219400488 2.03830813813 0.000745741099827
256200.691407 17.2602983339 38.2167485345 2.05626149398 -0.00167623143509
256215.53125 17.3532449433 38.2738551917 2.04887370917 -0.000189575317902
256230.363281 17.356275811 38.2520508316 2.04557294783 5.2819301074e-05
256246.59375 17.3380906048 38.2229783516 2.04470498174 -9.14743341742e-05
256262.8125 17.3340494478 38.0205092944 2.01918657365 0.00148140175401
256277.652343 17.2340308139 38.0734627401 2.04191916574 -0.0010550853047
256292.480468 17.3269774232 38.1212246716 2.03332090496 0.000508175340963
256307.3125 17.3431420509 38.1710632087 2.03719208409 0.000439995327559
256322.132813 17.3502140756 38.0879989801 2.02533512704 0.00126890404615
256336.96875 17.4118417187 38.1316077002 2.02117314557 0.00220815085669
256351.804688 17.3785021741 38.1087650373 2.02352163863 0.00169387055317
256366.617187 17.2704012262 38.0755393458 2.03640896163 -0.000307443297127
256381.453125 17.2986893247 38.1440673344 2.04076794745 -0.000273739557433
256396.28125 17.3340494478 38.1388758202 2.03447772132 0.000512365042304
256411.121093 17.2865658539 38.2260932602 2.05329574429 -0.00120049313008
256425.960937 17.2067530046 38.1970207802 2.06221811709 -0.00264027615715
256440.78125 17.25221602 38.2790467059 2.06559945396 -0.00235654559338
256455.625 17.2895967216 38.2042889002 2.04999569367 -0.000958152346981
256470.449219 17.3896153556 38.1939058716 2.03275737967 0.00123039099673
256485.28125 17.3673889925 38.2125953231 2.03870611841 0.000609787509933
256500.109375 17.3764815956 38.1648333916 2.03108779016 0.00119223840989
256514.941407 17.3532449433 38.2157102316 2.04135689672 0.000286783120035
256529.769531 17.2643394908 38.2395911974 2.05857223764 -0.00177839512275
256544.609375 17.2592880447 38.2042889002 2.05481150521 -0.00159541047772
256559.441407 17.2077632938 38.1804079345 2.05991049365 -0.0024829705224
256574.265625 17.3603169679 38.2271315631 2.04170920715 0.000341964378543
256589.09375 17.4158828756 38.4254474089 2.05852298871 -0.000114497965265
256603.945312 17.4239651895 38.3340767574 2.04541898551 0.00080453696694
256618.792969 17.2764629616 38.3195405174 2.06698311863 -0.00217858751962
256633.625 17.3168745309 38.2094804145 2.04633200148 -0.00042707946748
256649.339844 17.295658457 38.2437444088 2.05413269718 -0.00115390566741
256665.042969 17.3754713064 38.2115570202 2.03728719743 0.000788293680881
256679.871093 17.3734507279 38.2395911974 2.04123225499 0.000516139216613
256694.699219 17.3714301494 38.1575652716 2.03095148123 0.00114550998771
256709.945312 17.2451439954 38.0807308601 2.0410925321 -0.000880957911115
256728.257812 17.3502140756 38.3236937288 2.05579992748 -0.000661723442822
256743.09375 17.3421317617 38.038160443 2.02018179445 0.00150690623784
256757.914063 17.4027491156 38.2022122945 2.03174313172 0.00143863231297
256774.605469 17.3279877125 38.2198634431 2.04590798023 -0.000278426530097
256789.4375 17.3249568448 38.1752164202 2.04061900371 2.35348782461e-05
256804.265625 17.3663787033 38.168986603 2.03323041328 0.000945723061966
256819.09375 17.3704198602 38.1513354545 2.03030701207 0.00117527834902
256833.921875 17.2784835401 38.2613955574 2.05914376037 -0.00165965040694
256848.726562 17.2158456077 38.161718483 2.05621124961 -0.00216001094706
256863.554687 17.308792217 38.2260932602 2.04976382327 -0.000733127375982
256878.378907 17.3451626294 38.2478976202 2.04680235316 -0.000146886441976
256893.21875 17.3815330418 38.132646003 2.02612545932 0.00156208097658
256908.050781 17.282524697 38.1939058716 2.04977741252 -0.00102180559531
256922.878907 17.3704198602 38.132646003 2.02789196913 0.00132832541383
256937.6875 17.2370616816 38.3548428146 2.07780884066 -0.00329629837115
256952.519532 17.2895967216 38.0277774144 2.0271895169 0.00048712978705
256967.347657 17.2451439954 38.1004586144 2.04364117694 -0.00104247164836
256982.167969 17.2623189124 38.139914123 2.0460103842 -0.0010044572638
256997.003907 17.3118230847 38.1357609116 2.03760749764 7.04597321084e-05
257011.828125 17.3269774232 38.1388758202 2.03560166093 0.000363638363404
257026.660157 17.2865658539 38.1222629744 2.03987696874 -0.000350113132114
257041.496094 17.295658457 38.1409524259 2.04084706402 -0.000311963221822
257056.328125 17.3502140756 38.1939058716 2.03902030907 0.000401641229722
257071.164063 17.3118230847 38.1149948544 2.0349243096 0.000240499795357
257085.992187 17.2926275893 38.1139565516 2.03784050703 -0.000154639950823
257100.828125 17.3613272571 38.0942287973 2.02437359604 0.00145163639426
257115.65625 17.3855741987 38.1741781173 2.0308501003 0.00130696414923
257130.488281 17.3572861002 38.2136336259 2.04044615979 0.000388788732311
257145.296875 17.2714115155 38.1897526602 2.05100643575 -0.00122145145369
257160.140625 17.2370616816 38.1139565516 2.04666915838 -0.00132290200157
257175.933593 17.3209156878 38.1482205459 2.03777254223 0.000159637629472
257191.742187 17.4340680818 38.1482205459 2.01978615202 0.00253970863662
257206.582031 17.3461729186 38.1440673344 2.033221738 0.000724821805077
257221.398438 17.3795124633 38.089037283 2.02081230842 0.00187664085976
257236.234375 17.3704198602 38.1160331573 2.02574542834 0.00146435685289
257251.054687 17.3007099032 38.0184326887 2.02421667388 0.000797294482173
257265.894531 17.3421317617 38.1596418773 2.03587664574 0.00051228585936
257280.730469 17.3673889925 38.1970207802 2.03669303509 0.000737361428895
257295.550781 17.3764815956 38.1118799459 2.02424527614 0.00162586493885
257310.390625 17.2734320939 38.0443902601 2.03190374275 1.12697580705e-05
257325.210937 17.295658457 38.1149948544 2.03749304127 -9.9410753957e-05
257340.046875 17.2229176323 38.1160331573 2.0491844472 -0.00163723988486
257354.875 17.3239465555 38.001819843 2.01837851628 0.00142189676909
257369.707031 17.3593066786 38.0703478316 2.02160966895 0.00160464762604
257384.535157 17.3067716386 38.0900755859 2.03250754871 0.000338303302831
257399.371093 17.3714301494 37.9976666315 2.01029520389 0.0024545478376
257414.199219 17.2360513923 38.0630797116 2.04025689946 -0.000927609059226
257429.039063 17.3168745309 37.9592494258 2.0140053225 0.00162153973095
257443.851562 17.2815144078 37.9987049344 2.02471914957 0.000555127356113
257458.664063 17.2077632938 37.9685941515 2.03254800085 -0.000748943711477
257473.511719 17.1774546169 37.90629598 2.02931922799 -0.000876289355658
257488.328125 17.2895967216 38.0558115915 2.03081051042 0.000257658740815
257503.15625 17.4330577926 37.9737856658 1.99741427996 0.00394639188675
257517.988281 17.112796106 38.0931904944 2.06372325183 -0.00376460430314
257532.8125 17.2754526724 38.1430290316 2.04432608483 -0.000753825953941
257547.648437 17.1835163523 38.067232923 2.04913866115 -0.00206590543155
257562.46875 17.3461729186 38.0153177801 2.01658926152 0.00177886174133
257577.3125 17.2067530046 37.9582111229 2.03136783123 -0.000685219532058
257592.136719 17.2087735831 38.0153177801 2.03842120374 -0.00111007662293
257606.964843 17.2077632938 37.9903985115 2.03536357001 -0.000927373083469
257621.796875 17.2532263093 38.0682712258 2.0381988862 -0.000609037882015
257636.617187 17.2865658539 37.9997432372 2.02405056989 0.000652843730471
257652.65625 17.2724218047 38.1149948544 2.04118530416 -0.00058799394183
257668.605468 17.3461729186 38.0765776487 2.02450194518 0.00127741599499
257684.550781 17.23908226 38.183522843 2.0553377399 -0.00185011609818
257699.378907 17.269390937 38.0049347515 2.02745000795 0.000249238336376
257714.203125 17.2289793677 38.059964803 2.0409780348 -0.00105077891071
257729.035157 17.3098025063 38.0391987458 2.02545382039 0.000818526311525
257743.878906 17.3067716386 38.1046118259 2.0343855524 0.000219289703685
257758.71875 17.2451439954 38.0651563173 2.03908059781 -0.000753456808154
257773.558593 17.2158456077 38.0828074658 2.04601527246 -0.00151386741472
257788.382813 17.3279877125 38.001819843 2.01773627667 0.00150688190814
257803.21875 17.2279690785 37.9665175458 2.02907004537 -0.000307207986947
257818.046875 17.3451626294 37.9582111229 2.00937549235 0.00222494351416
257832.886719 17.2501954416 38.0038964487 2.03036575533 -0.000145837449846
257847.726563 17.1542179645 37.8388062943 2.02429893227 -0.00081261735052
257862.5625 17.2764629616 37.7484739457 1.99322458788 0.00249566752028
257877.394531 17.2784835401 37.90629598 2.01326948459 0.00124751250105
257892.226563 17.1350224691 37.9685941515 2.04410122091 -0.00227773763648
257907.058594 17.25221602 37.8896831343 2.01529859793 0.000831140324302
257921.890625 17.1410842045 37.8938363458 2.0334872161 -0.00153872491892
257936.710937 17.2805041185 37.7993507857 1.99914629217 0.00216467143694
257951.546875 17.2219073431 37.8346530829 2.01301133995 0.000644070033905
257966.378907 17.2764629616 37.9976666315 2.02538771375 0.00045741307419
257981.214843 17.060261066 37.8803384086 2.04457825002 -0.00312649600038
257996.027343 17.1845266415 37.7422441285 2.00702636659 0.000613916682148
258010.859375 17.1370430476 37.7733932143 2.01858612177 -0.000638658847727
258025.667969 17.269390937 37.8471127172 2.0070753634 0.00154042844047
258040.507813 17.1804854846 37.86268726 2.02320900481 -0.000455875579087
258055.3125 17.1612899892 37.8128487229 2.01982612245 -0.000451717874534
258070.15625 17.1511870968 37.8221934486 2.02263646723 -0.000740453767306
258084.980469 17.1855369307 37.8533425343 2.02120062229 -0.000273274880734
258099.816407 17.1683620138 37.9218705229 2.03277394096 -0.00119480323457
258114.660157 17.21281474 37.9488663972 2.02919837917 -0.000481339478712
258129.492187 17.2815144078 37.9197939172 2.0145303632 0.00120081519143
258144.316407 17.2219073431 37.9353684601 2.02601127358 -0.000179766947355
258159.15625 17.1764443276 37.8896831343 2.02733525362 -0.000761624810437
258173.980469 17.2946481678 37.8408829 2.00225808938 0.00212244281195
258188.8125 17.1875575092 37.9810537858 2.03736642741 -0.00127561055044
258203.640625 17.2946481678 38.0070113572 2.02370489108 0.000763307537189
258218.472657 17.1582591215 37.9146024029 2.03344022901 -0.00134766821405
258233.335938 17.1895780877 37.8927980429 2.02565123 -0.000511060025716
258248.15625 17.2411028385 37.8606106543 2.01331180267 0.000835303251025
258262.988282 17.1602796999 37.8398445972 2.02347021145 -0.000693716496653
258277.8125 17.2906070109 37.8398445972 2.0027662499 0.00204596044995
258292.640625 17.2118044508 37.86268726 2.01823421298 0.000202419812682
258307.46875 17.0936006106 37.8948746486 2.04116130903 -0.00254496706011
258322.296875 17.1400739153 37.8003890886 2.0215878405 -0.000795696013168
258337.136719 17.19968098 37.8678787743 2.02083005472 -9.4876119179e-05
258351.960937 17.1471459399 37.9104491915 2.03466902981 -0.00154723992249
258366.796875 17.3118230847 37.8647638657 2.00261084685 0.00228828144946
258381.625 17.2532263093 37.8294615686 2.00736578373 0.00134492979011
258396.460937 17.2057427154 37.6944821971 1.99749588308 0.00145026112406
258411.289063 17.2097838723 37.8367296886 2.01520519913 0.000372243374247
258426.128907 17.2118044508 37.8658021686 2.01863623667 0.000176942606997
258441.0 17.1814957738 37.7484739457 2.00831140716 0.000499285770358
258455.816407 17.3027304817 37.8543808372 2.00271572682 0.00218200138346
258470.640625 17.2643394908 37.8606106543 2.00961999894 0.00132382568017
258485.484375 17.1441150722 37.7557420657 2.01518587677 -0.000345735657105
258500.304687 17.1400739153 37.8471127172 2.02761714002 -0.00117778718825
258515.136718 17.2916173001 37.9156407058 2.01238885983 0.00144722225974
258529.96875 17.1582591215 37.8948746486 2.03089363301 -0.00118628431653
258544.800781 17.1491665184 37.8471127172 2.02617314098 -0.000986708255051
258559.628907 17.2875761432 37.90629598 2.01182469186 0.00143869645959
258574.464843 17.2269587892 37.7287461914 1.99854493602 0.00161617453377
258589.292969 17.1471459399 37.7775464257 2.01751752035 -0.000460307621361
258604.121093 17.21281474 37.7775464257 2.0070871745 0.000919900606142
258618.949219 17.182506063 37.7619718828 2.0098922207 0.000410170715468
258633.785157 17.2451439954 37.8128487229 2.00650614447 0.00131086444586
258650.035157 17.129971023 37.7380909171 2.01515505104 -0.000498662998487
258664.878907 17.1612899892 37.9353684601 2.03563972918 -0.00145386407036
258679.6875 17.3057613493 37.6539883856 1.97638286727 0.00388398865612
258694.5 17.1542179645 37.77546982 2.01612646882 -0.000294708735919
258709.335937 17.2178661862 37.7941592714 2.00842812728 0.000890252992089
258724.160157 17.2330205246 37.8543808372 2.01379180457 0.000716345895209
258739.789062 17.1663414353 37.7868911514 2.01567457463 -0.000133303865423
258755.40625 17.1420944938 37.7951975743 2.02059710934 -0.000710784813472
258770.238281 17.2370616816 37.81907854 2.00859407041 0.00109000766503
258785.042969 17.2027118477 37.7547037628 2.0057450968 0.000894291056785
258799.871093 17.2602983339 37.8055806029 2.00316061429 0.00168889869929
258814.703125 17.1481562291 37.7370526142 2.01213318212 -0.000108025807606
258829.535157 17.1218887091 37.7858528486 2.02260014858 -0.00105897612538
258844.355469 17.0451067275 37.7339377057 2.02809358842 -0.00224771166676
258859.195313 17.1754340384 37.83361478 2.02025937269 -0.00032427388574
258874.015625 17.3077819278 37.8689170772 2.00378908283 0.00216933177745
258888.84375 17.2168558969 37.8564574429 2.01662773814 0.000359557536006
258903.664063 17.2138250292 37.9218705229 2.02555261375 -0.000239232310515
258918.5 17.243123417 37.8097338143 2.00642522829 0.00129385705579
258933.328125 17.2289793677 37.9083725858 2.021402729 0.00018975517883
258948.15625 17.1188578414 37.8720319857 2.03420239302 -0.00182742474507
258962.988281 17.2289793677 37.9021427686 2.02059853898 0.000240718629299
258977.820312 17.2168558969 37.8616489572 2.01729776258 0.000317096479831
258992.652343 17.2754526724 38.0122028715 2.0274254945 0.000317205000015
259007.472657 17.2602983339 37.9447131858 2.02111851965 0.000550863155553
259022.3125 17.2279690785 38.0173943858 2.03564006095 -0.000723565635345
259037.144532 17.3340494478 38.0277774144 2.02012527803 0.00142191380505
259051.96875 17.256257177 38.0786542544 2.03905863526 -0.000630317980281
259066.78125 17.2744423832 38.0184326887 2.0283905949 0.0002449752966
259081.613281 17.2097838723 38.0879989801 2.04764888005 -0.00168379051781
259096.445312 17.2815144078 37.9872836029 2.0232442415 0.0006485958192
259111.28125 17.3067716386 38.052696683 2.02767893894 0.000644303887607
259126.117187 17.2966687463 38.1804079345 2.04578535972 -0.000613844959206
259140.941407 17.2704012262 38.2105187173 2.05385101732 -0.00141278820974
259155.78125 17.2118044508 38.1824845402 2.05953693422 -0.00241503271736
259170.613281 17.2370616816 38.0931904944 2.04398622361 -0.00115287798885
259185.457032 17.18654722 38.096305403 2.05241300508 -0.00224021338782
259200.277343 17.1491665184 38.045428563 2.05177773349 -0.0026093327077
259215.089843 17.308792217 38.0796925573 2.03084509324 0.000465797932133
259229.914062 17.2512057308 38.0132411744 2.03141206771 -0.000201076865744
259244.746093 17.2926275893 38.0277774144 2.02670790387 0.000550859818703
259259.566407 17.1804854846 38.0651563173 2.04935181551 -0.00211260820987
259274.394532 17.2512057308 37.9540579115 2.0237696712 0.000283240135075
259289.210937 17.23908226 37.9893602087 2.03025415868 -0.000260509380935
259304.046875 17.2017015584 38.0319306258 2.04169018959 -0.0013947014843
259318.875 17.1602796999 37.8003890886 2.01837888297 -0.000371066796714
259333.710937 17.1683620138 37.9436748829 2.03558894103 -0.00137319654234
259350.574219 17.1521973861 37.8024656943 2.01993043987 -0.000557902760794
259365.40625 17.1592694107 37.7598952771 2.01331492914 -6.12158095686e-05
259380.238281 17.0632919337 37.7453590371 2.02667991941 -0.00195905701111
259395.082031 17.1319916014 37.6373755399 2.00184532846 0.000366931353473
259409.917969 17.1441150722 37.6654097171 2.0035349323 0.000392612644251
259424.753907 17.1481562291 37.6602182028 2.00222369478 0.000519962178125
259440.871094 17.1915986661 37.7567803685 2.00777824268 0.000643724595052
259456.132813 17.1552282538 37.7079801342 2.00726011751 0.000278236910791
259470.96875 17.2653497801 37.9073342829 2.01549034789 0.000962876115315
259485.800781 17.2208970539 37.9135641 2.0233568679 -2.26175140569e-05
259500.625 17.1279504445 37.8294615686 2.02726451248 -0.00128819374541
259515.453125 17.2552468877 37.6944821971 1.98963143003 0.00249093445892
259530.296875 17.1047137922 37.6301074199 2.00523975288 -0.000146858076465
259545.105469 17.1501768076 37.7194014657 2.00953549267 7.87229040311e-05
259559.9375 17.1966501123 37.6955204999 1.99907411633 0.00125065308396
259574.765625 17.2239279216 37.7131716485 1.99701754984 0.00167976826013
259589.597657 17.1117858168 37.7983124829 2.02581200814 -0.00137313967233
259604.445312 17.2017015584 37.7121333457 2.00041436081 0.00122104680619
259619.269532 17.1501768076 37.6913672885 2.00591976348 0.000307860336696
259634.113281 17.1188578414 37.6186860885 2.00152126538 0.000243656715313
259648.957031 17.1623002784 37.4847450198 1.97735858325 0.00225061596774
259664.808594 17.1673517246 37.534583557 1.98297882788 0.0019497682691
259680.648438 17.0764256937 37.3746849169 1.97681679096 0.00134466864649
259695.480469 17.1026932137 37.520047317 1.99137349354 0.000709757135996
259710.308593 17.0632919337 37.3289995912 1.97301863818 0.00144158711357
259725.140625 17.1249195768 37.3871445512 1.97072154632 0.00226188231202
259739.980469 17.0511684629 37.3840296426 1.98203016043 0.000737792360935
259754.804687 17.0461170167 37.5387367684 2.00276452746 -0.000631489405046
259769.640625 17.1198681306 37.3819530369 1.97085504487 0.00219811081771
259784.46875 17.1491665184 37.3310761969 1.95965034506 0.00322900091026
259799.304687 17.1026932137 37.5075876827 1.98976783209 0.000811511754287
259814.132813 17.1188578414 37.2189394883 1.95002740554 0.00350694614641
259828.96875 17.0360141244 37.2905823855 1.9724025714 0.00118203354049
259843.832031 16.9764070597 37.300965414 1.98320038264 -0.000154623037301
259858.660157 17.0845080075 37.1348369568 1.94465911399 0.00347106125223
259873.484375 17.1218887091 37.1358752597 1.93885723609 0.00424801313835
259888.316407 16.9885305305 37.2698163283 1.97726609072 0.00035412089242
259903.144531 17.0026745797 37.2075181568 1.96700241761 0.00115934842753
259917.980469 17.1289607337 37.2106330654 1.94735403347 0.00378698755425
259932.808593 17.069353669 37.3850679455 1.97927685945 0.00111134749605
259947.613281 17.2259485 37.4338681798 1.96069369543 0.00400383161006
259962.445313 17.1037035029 37.3726083112 1.97221828327 0.00193473019564
259977.277343 17.043086149 37.3871445512 1.98371441189 0.000542585539878
259992.515625 16.999643712 37.4639789627 2.00050795215 -0.000997148538496
260008.59375 17.0875388752 37.3861062484 1.97652335075 0.00148493015945
260023.421875 17.1501768076 37.2075181568 1.94358388209 0.00425823468402
260038.253907 17.0936006106 37.2916206883 1.96339381674 0.00238334549036
260053.078125 17.1663414353 37.3912977627 1.96467823475 0.00309845653253
260067.914063 17.1016829245 37.4463278141 1.98203500352 0.00129049826426
260083.378906 16.9753967705 37.3071952312 1.98416282391 -0.000226671095902
260100.746093 17.0188392074 37.3404209226 1.98154600764 0.00041460424083
260115.5625 17.0582404875 37.3643018884 1.97836668557 0.0010473706744
260133.339843 17.1148166845 37.3134250483 1.96283237214 0.00265121657324
260148.171875 17.2602983339 37.4162170312 1.95296263897 0.00487006482
260163.007812 17.1683620138 37.4899365341 1.97706478721 0.00233561948436
260177.839843 17.1643208569 37.5730007627 1.98841184563 0.0015722723552
260192.660157 17.0774359829 37.3902594598 1.97866232886 0.00123877276132
260207.488281 17.1289607337 37.512779197 1.98626577107 0.00132105739389
260222.316406 17.1269401553 37.5730007627 1.99434830996 0.000786722478571
260237.132812 17.1441150722 37.7474356428 2.01411433564 -0.00027782952516
260251.9375 17.1956398231 37.8720319857 2.02200801202 -0.000213788417473
260266.765625 17.3168745309 38.0506200773 2.02580519692 0.000873753381191
260281.597657 17.2764629616 38.2582806488 2.05906210569 -0.00167661392733
260296.433593 17.2946481678 38.0983820087 2.03550720476 1.53666055702e-05
260311.234375 17.2895967216 38.0952671001 2.03590746792 -6.53476832298e-05
260326.078125 17.2289793677 38.0537349858 2.04017331714 -0.000999782022058
260340.90625 17.3037407709 37.9166790086 2.01059639545 0.00169365472563
260355.765625 17.2208970539 37.9613260315 2.02952318319 -0.000413391706699
260370.59375 17.2602983339 38.0578881973 2.03573404346 -0.000375357650755
260385.433593 17.3148539524 38.2894297345 2.05698893476 -0.00112457644413
260400.253907 17.2097838723 38.0859223744 2.04738060587 -0.00166678933924
260415.085938 17.1764443276 38.1430290316 2.06005470717 -0.00283513507564
260429.917969 17.3734507279 38.1627567859 2.03130120019 0.00114549398365
260444.746093 17.243123417 37.9769005744 2.02800321351 -7.35916334921e-05
260459.578125 17.3178848201 38.1004586144 2.0320829046 0.00048699082614
260475.996093 17.3279877125 38.0537349858 2.02444141349 0.00108196130266
260490.878907 17.2663600693 37.9634026372 2.02256847924 0.000525386527147
260505.714843 17.1350224691 37.8834533172 2.03310963665 -0.00158117457319
260520.546875 17.1713928815 37.8969512543 2.02907574184 -0.000927246407133
260535.375 17.1289607337 37.6778693514 2.00754827661 -2.76660385934e-05
260550.183593 17.1673517246 37.3892211569 1.96425030872 0.00313663945786
260565.023437 17.0764256937 37.3518422541 1.97387499076 0.00153109758289
260579.84375 17.0067157367 37.3269229855 1.98173221821 0.000270114064577
260595.570312 17.1097652383 37.3508039512 1.96844769883 0.00224005069714
260611.273437 17.0067157367 37.3580720712 1.9857434045 1.59155663588e-05
260626.117188 17.0663228013 37.3103101398 1.970130983 0.00165776398898
260640.941407 17.0834977183 37.4297149684 1.98278222387 0.00104404773315
260657.90625 17.1926089554 37.5730007627 1.98391880062 0.0021668200124
260672.746093 17.0956211891 37.5107025913 1.9912921471 0.000637483476623
260687.566406 17.1097652383 37.3912977627 1.97366288354 0.00190955193051
260702.390625 16.9774173489 37.4650172655 2.00416931883 -0.00147241893731
260717.222656 17.0794565614 37.4463278141 1.9855640219 0.000823516606069
260732.054687 17.1572488322 37.425561757 1.97053589276 0.00262766665442
260746.871093 17.1289607337 37.5646943399 1.99295674712 0.000897034190019
260761.703125 17.0491478844 37.5989583342 2.01004592128 -0.00105975182071
260776.523437 17.0531890413 37.4432129055 1.98933298303 0.000297113358443
260791.363281 17.1542179645 37.4349064827 1.97222105862 0.00248768243729
260806.195312 17.0006540013 37.300965414 1.97935210259 0.000354605311212
260821.027343 17.0956211891 37.2604716026 1.95906295524 0.00267992468239
260835.855469 17.1471459399 37.2532034826 1.94994545089 0.00382189652523
260850.6875 17.0137877613 37.1472965911 1.95748904479 0.00188386359468
260865.519531 16.943067515 37.126530534 1.96604099107 0.000567989223949
260880.355469 17.0309626782 37.0953814482 1.94808387675 0.00266787569876
260897.339843 16.9077073919 37.0393130939 1.96043290455 0.000536510002595
260912.183593 16.9824687951 37.0808452082 1.95391115754 0.00176784143209
260927.0 16.9077073919 36.9936277682 1.95455809575 0.00090881072966
260941.84375 16.8804295826 37.0351598825 1.96422647678 -2.30877133349e-06
260958.8125 16.9875202412 36.9998575853 1.94269393819 0.00253398475893
260973.65625 17.0663228013 36.9915511625 1.92911707162 0.00425691394567
260988.464843 16.9713556135 37.0413896996 1.95060019654 0.00185605017367
261003.289062 16.9814585059 37.1047261739 1.95714343127 0.00155194837908
261018.117187 17.0057054474 37.2116713683 1.96705587104 0.00118913221706
261032.941407 16.8844707396 37.2313991226 1.98883304941 -0.00151747930967
261047.773438 17.012777472 37.271892934 1.97368495539 0.000846432400281
261062.601563 16.9854996628 37.2698163283 1.97774712284 0.000290467731521
261077.40625 16.9531704074 37.2480119683 1.98007095415 -0.000210576910002
261092.25 17.0057054474 37.023738551 1.94287849656 0.00272131043905
261107.085937 16.9359954904 37.0818835111 1.96141972631 0.000783470094248
261121.921875 16.9642835889 37.1441816825 1.96494518729 0.000869585251149
261136.75 16.9056868135 37.2843525683 1.99228357986 -0.00150404932695
261151.59375 16.9885305305 37.2635865112 1.97646411575 0.000404943970343
261166.425781 17.0703639583 37.1078410825 1.94343168869 0.00339400192813
261181.246093 17.0117671828 37.2542417854 1.97157308868 0.000969209017783
261196.074219 16.9814585059 37.1753307683 1.96622751751 0.000976268041382
261210.90625 17.112796106 37.2075181568 1.94952001317 0.00347272890361
261225.730469 16.9632732997 37.293697294 1.98434895204 -0.000371133186053
261240.566407 16.8632546657 37.1960968254 1.98765527657 -0.00167491987081
261255.398438 16.9673144566 37.199211734 1.97154540607 0.000484479763484
261270.230469 16.986509952 37.1877904026 1.96702916806 0.000980746527522
261285.035157 16.9178102842 37.1472965911 1.97272044684 -0.000131650246486
261300.8125 17.012777472 37.191943614 1.96339448707 0.00149856406403
261316.570313 17.0067157367 37.1971351283 1.96502474257 0.00132890687667
261331.375 17.0249009428 37.148334894 1.95585862815 0.00210882227935
261346.203125 16.9481189612 37.1825988883 1.97245368785 0.000216873833634
261361.035157 16.9501395397 37.3300378941 1.99111227292 -0.000943456118851
261375.859375 17.0481375952 37.1639094368 1.95417397255 0.00246992856906
261390.683593 16.8258739641 37.2241310026 1.99719266244 -0.00268818023664
261405.515625 16.9966128443 37.0382747911 1.9461910483 0.00241187350061
261420.335937 16.8935633427 37.1317220482 1.97456362472 -0.000513723293116
261435.179687 17.0097466044 37.0206236425 1.94183650272 0.00283157305794
261450.0 16.8955839211 37.0247768539 1.9604869989 0.000400450817579
261464.84375 16.943067515 37.0673472711 1.95842780363 0.00105045517573
261480.371094 17.0228803644 36.9707851053 1.93334347902 0.00351354539084
261495.90625 16.8551723518 37.0227002482 1.96663087653 -0.000430959059557
261510.738281 16.8753781365 36.987397951 1.95888614197 0.000280863302172
261526.710938 16.9652938781 36.9905128596 1.94501980338 0.00214335998975
261543.597657 16.9238720196 37.0050490996 1.95346190951 0.00115513006154
261559.335937 16.9026559458 37.0247768539 1.9593649818 0.000548923097197
261574.160157 16.8824501611 36.9375594139 1.95135682304 0.000835375471823
261588.996093 16.9834790843 36.9469041396 1.93652713704 0.00288056467174
261603.820313 16.9764070597 36.951057351 1.93818343209 0.00269820911462
261618.65625 16.8955839211 37.0133555225 1.95901828028 0.000493527040082
261633.484375 16.8945736319 37.1400284711 1.97547203666 -0.000560239277696
261648.328125 16.9531704074 36.9687084996 1.94414027906 0.00206643616809
261663.148437 16.9501395397 36.9905128596 1.94742468448 0.00182513116696
261677.984375 16.9269028873 37.0870750254 1.96353029226 0.000550233388136
261692.816407 16.9309440443 37.0102406139 1.95300733307 0.00126131370451
261707.628907 16.916799995 37.0476195168 1.96005850732 0.000659713959322
261722.46875 16.8875016073 37.0569642425 1.96590877066 -3.15570545512e-05
261738.21875 16.890532475 37.023738551 1.96115489756 0.000302863402264
261753.972657 16.9349852012 36.8960272996 1.9376830792 0.00227666429118
261768.804688 16.9238720196 37.0486578196 1.95906993243 0.000799736195168
261783.636719 17.016818629 36.9261380824 1.92856606006 0.00374995524695
261798.476562 16.9258925981 36.9811681339 1.95007068676 0.00139214720193
261813.300781 16.9834790843 37.0683855739 1.95214819398 0.00189062081871
261828.121093 16.9824687951 37.1005729625 1.95644881853 0.00160702376726
261842.957031 16.9945922659 37.0455429111 1.94744647842 0.00231020046079
261857.78125 16.9592321428 37.2397055454 1.97803981287 -1.55287182425e-05
261872.613281 16.9723659028 37.1140708997 1.95978861657 0.00128481362289
261887.441407 16.8824501611 37.1047261739 1.97285371614 -0.000526934214886
261902.277344 16.9794379274 37.0185470368 1.9463799281 0.00221194530427
261917.101563 16.943067515 37.0060874025 1.95054953179 0.00154972016224
261931.929687 17.0228803644 36.8804527567 1.92173192516 0.00424939741482
261946.765625 16.903666235 36.9842830425 1.95399774209 0.000900110611756
261961.59375 16.9097279704 36.9925894653 1.95410400229 0.000959693523884
261976.429687 16.8541620626 36.9240614767 1.95410924459 0.000351516262555
261991.261719 16.8915427642 37.0278917625 1.96152870957 0.000290226164853
